0.1 56 0.0000 0.0000
0.11 56 0.0000 0.0000
0.12 56 0.0000 0.0000
0.13 56 0.0000 0.0000
0.14 56 0.0000 0.0000
0.15 56 0.0000 0.0000
0.16 56 0.0000 0.0000
0.17 56 0.0000 0.0000
0.18 56 0.0000 0.0000
0.19 56 0.0000 0.0000
0.2 56 0.0000 0.0000
0.21 56 0.0000 0.0000
0.22 56 0.0000 0.0000
0.23 56 0.0000 0.0000
0.24 56 0.0000 0.0000
0.25 56 0.0000 0.0000
0.26 56 0.0000 0.0000
0.27 56 0.0000 0.0000
0.28 56 0.0000 0.0000
0.29 56 0.0000 0.0000
0.3 56 0.0000 0.0000
0.31 56 0.0000 0.0000
0.32 56 0.0000 0.0000
0.33 56 0.0000 0.0000
0.34 56 0.0000 0.0000
0.35 56 0.0000 0.0000
0.36 56 0.0000 0.0000
0.37 56 0.0000 0.0000
0.38 56 0.0000 0.0000
0.39 56 0.0000 0.0000
0.4 56 0.0000 0.0000
0.41 56 0.0000 0.0000
0.42 56 0.0000 0.0000
0.43 56 0.0000 0.0000
0.44 56 0.0000 0.0000
0.45 56 0.0000 0.0000
0.46 56 0.0000 0.0000
0.47 56 0.0000 0.0000
0.48 56 0.0000 0.0000
0.49 56 0.0000 0.0000
0.5 56 0.0000 0.0000
0.51 56 0.0000 0.0000
0.52 56 0.0100 535.0000
0.53 56 0.0300 591.3333
0.54 56 0.0500 558.2000
0.55 56 0.0700 734.4286
0.56 56 0.1500 716.8000
0.57 56 0.3000 909.4000
0.58 56 0.4300 957.1860
0.59 56 0.6100 1054.0000
0.6 56 0.7600 1160.6053
0.61 56 0.9000 1233.2222
0.62 56 0.9500 1472.5053
0.63 56 0.9700 1549.6392
0.64 56 0.9900 1688.8182
0.65 56 1.0000 1815.5300
0.66 56 1.0000 1912.8600
0.67 56 1.0000 1980.5100
0.68 56 1.0000 2023.4100
0.69 56 1.0000 2072.8400
0.7 56 1.0000 2121.8000
0.71 56 1.0000 2172.8400
0.72 56 1.0000 2207.9200
0.73 56 1.0000 2245.2800
0.74 56 1.0000 2296.5300
0.75 56 1.0000 2328.3600
0.76 56 1.0000 2363.1200
0.77 56 1.0000 2397.5800
0.78 56 1.0000 2428.6100
0.79 56 1.0000 2463.7100
0.8 56 1.0000 2502.1900
0.81 56 1.0000 2530.4500
0.82 56 1.0000 2570.1300
0.83 56 1.0000 2596.1000
0.84 56 1.0000 2633.1900
0.85 56 1.0000 2657.5800
0.86 56 1.0000 2694.8500
0.87 56 1.0000 2725.3600
0.88 56 1.0000 2760.0300
0.89 56 1.0000 2790.9700
0.9 56 1.0000 2816.9700
