0.1 52 0.0000 0.0000
0.11 52 0.0000 0.0000
0.12 52 0.0000 0.0000
0.13 52 0.0000 0.0000
0.14 52 0.0000 0.0000
0.15 52 0.0000 0.0000
0.16 52 0.0000 0.0000
0.17 52 0.0000 0.0000
0.18 52 0.0000 0.0000
0.19 52 0.0000 0.0000
0.2 52 0.0000 0.0000
0.21 52 0.0000 0.0000
0.22 52 0.0000 0.0000
0.23 52 0.0000 0.0000
0.24 52 0.0000 0.0000
0.25 52 0.0000 0.0000
0.26 52 0.0000 0.0000
0.27 52 0.0000 0.0000
0.28 52 0.0000 0.0000
0.29 52 0.0000 0.0000
0.3 52 0.0000 0.0000
0.31 52 0.0000 0.0000
0.32 52 0.0000 0.0000
0.33 52 0.0000 0.0000
0.34 52 0.0000 0.0000
0.35 52 0.0000 0.0000
0.36 52 0.0000 0.0000
0.37 52 0.0000 0.0000
0.38 52 0.0000 0.0000
0.39 52 0.0000 0.0000
0.4 52 0.0000 0.0000
0.41 52 0.0000 0.0000
0.42 52 0.0000 0.0000
0.43 52 0.0000 0.0000
0.44 52 0.0000 0.0000
0.45 52 0.0000 0.0000
0.46 52 0.0000 0.0000
0.47 52 0.0000 0.0000
0.48 52 0.0000 0.0000
0.49 52 0.0000 0.0000
0.5 52 0.0000 0.0000
0.51 52 0.0200 460.5000
0.52 52 0.0100 549.0000
0.53 52 0.0100 342.0000
0.54 52 0.0400 584.0000
0.55 52 0.1000 633.8000
0.56 52 0.1600 668.5000
0.57 52 0.2100 706.7143
0.58 52 0.4500 799.4667
0.59 52 0.5900 932.1864
0.6 52 0.8600 1033.3605
0.61 52 0.9600 1117.7917
0.62 52 0.9800 1202.5918
0.63 52 0.9900 1353.5354
0.64 52 1.0000 1448.6200
0.65 52 1.0000 1566.5500
0.66 52 1.0000 1616.7000
0.67 52 1.0000 1684.4300
0.68 52 1.0000 1741.6500
0.69 52 1.0000 1787.6700
0.7 52 1.0000 1832.7000
0.71 52 1.0000 1868.1800
0.72 52 1.0000 1905.0400
0.73 52 1.0000 1939.5400
0.74 52 1.0000 1968.4700
0.75 52 1.0000 2005.4900
0.76 52 1.0000 2035.9400
0.77 52 1.0000 2064.7100
0.78 52 1.0000 2098.3200
0.79 52 1.0000 2125.7200
0.8 52 1.0000 2152.5400
0.81 52 1.0000 2185.2100
0.82 52 1.0000 2212.1100
0.83 52 1.0000 2238.6100
0.84 52 1.0000 2267.4000
0.85 52 1.0000 2291.7500
0.86 52 1.0000 2324.0800
0.87 52 1.0000 2352.8600
0.88 52 1.0000 2378.5000
0.89 52 1.0000 2405.1900
0.9 52 1.0000 2433.8100
