0.1 31 0.0000 0.0000
0.11 31 0.0000 0.0000
0.12 31 0.0000 0.0000
0.13 31 0.0000 0.0000
0.14 31 0.0000 0.0000
0.15 31 0.0000 0.0000
0.16 31 0.0000 0.0000
0.17 31 0.0000 0.0000
0.18 31 0.0000 0.0000
0.19 31 0.0000 0.0000
0.2 31 0.0000 0.0000
0.21 31 0.0000 0.0000
0.22 31 0.0000 0.0000
0.23 31 0.0000 0.0000
0.24 31 0.0000 0.0000
0.25 31 0.0000 0.0000
0.26 31 0.0000 0.0000
0.27 31 0.0000 0.0000
0.28 31 0.0000 0.0000
0.29 31 0.0000 0.0000
0.3 31 0.0000 0.0000
0.31 31 0.0000 0.0000
0.32 31 0.0000 0.0000
0.33 31 0.0000 0.0000
0.34 31 0.0000 0.0000
0.35 31 0.0000 0.0000
0.36 31 0.0000 0.0000
0.37 31 0.0000 0.0000
0.38 31 0.0000 0.0000
0.39 31 0.0000 0.0000
0.4 31 0.0000 0.0000
0.41 31 0.0000 0.0000
0.42 31 0.0000 0.0000
0.43 31 0.0000 0.0000
0.44 31 0.0000 0.0000
0.45 31 0.0000 0.0000
0.46 31 0.0000 0.0000
0.47 31 0.0100 193.0000
0.48 31 0.0100 233.0000
0.49 31 0.0200 212.5000
0.5 31 0.0400 176.0000
0.51 31 0.0400 209.2500
0.52 31 0.1000 199.5000
0.53 31 0.1400 238.5000
0.54 31 0.2000 244.2000
0.55 31 0.2500 276.1200
0.56 31 0.3800 290.0526
0.57 31 0.4800 288.5417
0.58 31 0.5200 331.2885
0.59 31 0.6600 356.9697
0.6 31 0.7700 372.8312
0.61 31 0.9000 402.1111
0.62 31 0.8400 418.3929
0.63 31 0.9600 446.0729
0.64 31 0.9900 496.5253
0.65 31 0.9700 531.7423
0.66 31 0.9800 548.4388
0.67 31 1.0000 571.3500
0.68 31 1.0000 595.7100
0.69 31 1.0000 626.7400
0.7 31 1.0000 641.1600
0.71 31 1.0000 659.7800
0.72 31 1.0000 665.6900
0.73 31 1.0000 684.9100
0.74 31 1.0000 698.7600
0.75 31 1.0000 711.0500
0.76 31 1.0000 720.8200
0.77 31 1.0000 730.0900
0.78 31 1.0000 742.2400
0.79 31 1.0000 755.0900
0.8 31 1.0000 764.2400
0.81 31 1.0000 776.6600
0.82 31 1.0000 783.0700
0.83 31 1.0000 793.4000
0.84 31 1.0000 805.0300
0.85 31 1.0000 816.0900
0.86 31 1.0000 825.5300
0.87 31 1.0000 834.9500
0.88 31 1.0000 846.4300
0.89 31 1.0000 855.5000
0.9 31 1.0000 865.8600
