0.1 77 0.0000 0.0000
0.11 77 0.0000 0.0000
0.12 77 0.0000 0.0000
0.13 77 0.0000 0.0000
0.14 77 0.0000 0.0000
0.15 77 0.0000 0.0000
0.16 77 0.0000 0.0000
0.17 77 0.0000 0.0000
0.18 77 0.0000 0.0000
0.19 77 0.0000 0.0000
0.2 77 0.0000 0.0000
0.21 77 0.0000 0.0000
0.22 77 0.0000 0.0000
0.23 77 0.0000 0.0000
0.24 77 0.0000 0.0000
0.25 77 0.0000 0.0000
0.26 77 0.0000 0.0000
0.27 77 0.0000 0.0000
0.28 77 0.0000 0.0000
0.29 77 0.0000 0.0000
0.3 77 0.0000 0.0000
0.31 77 0.0000 0.0000
0.32 77 0.0000 0.0000
0.33 77 0.0000 0.0000
0.34 77 0.0000 0.0000
0.35 77 0.0000 0.0000
0.36 77 0.0000 0.0000
0.37 77 0.0000 0.0000
0.38 77 0.0000 0.0000
0.39 77 0.0000 0.0000
0.4 77 0.0000 0.0000
0.41 77 0.0000 0.0000
0.42 77 0.0000 0.0000
0.43 77 0.0000 0.0000
0.44 77 0.0000 0.0000
0.45 77 0.0000 0.0000
0.46 77 0.0000 0.0000
0.47 77 0.0000 0.0000
0.48 77 0.0000 0.0000
0.49 77 0.0000 0.0000
0.5 77 0.0000 0.0000
0.51 77 0.0000 0.0000
0.52 77 0.0000 0.0000
0.53 77 0.0000 0.0000
0.54 77 0.0100 960.0000
0.55 77 0.0500 1113.2000
0.56 77 0.1400 1277.9286
0.57 77 0.2000 1340.6000
0.58 77 0.4100 1604.1220
0.59 77 0.6300 1882.5397
0.6 77 0.7700 2144.3247
0.61 77 0.9100 2498.3516
0.62 77 0.9700 2761.3402
0.63 77 0.9700 3059.7113
0.64 77 1.0000 3335.1100
0.65 77 1.0000 3470.1700
0.66 77 1.0000 3633.2600
0.67 77 1.0000 3775.7900
0.68 77 1.0000 3870.6200
0.69 77 1.0000 3958.0800
0.7 77 1.0000 4042.5500
0.71 77 1.0000 4117.8900
0.72 77 1.0000 4195.5300
0.73 77 1.0000 4261.4800
0.74 77 1.0000 4336.9100
0.75 77 1.0000 4405.5800
0.76 77 1.0000 4478.7100
0.77 77 1.0000 4538.4000
0.78 77 1.0000 4599.9700
0.79 77 1.0000 4664.2600
0.8 77 1.0000 4728.8400
0.81 77 1.0000 4788.3800
0.82 77 1.0000 4853.3400
0.83 77 1.0000 4909.0200
0.84 77 1.0000 4970.3400
0.85 77 1.0000 5036.1800
0.86 77 1.0000 5097.3500
0.87 77 1.0000 5156.1100
0.88 77 1.0000 5213.3500
0.89 77 1.0000 5271.4600
0.9 77 1.0000 5331.3800
