0.1 37 0.0000 0.0000
0.11 37 0.0000 0.0000
0.12 37 0.0000 0.0000
0.13 37 0.0000 0.0000
0.14 37 0.0000 0.0000
0.15 37 0.0000 0.0000
0.16 37 0.0000 0.0000
0.17 37 0.0000 0.0000
0.18 37 0.0000 0.0000
0.19 37 0.0000 0.0000
0.2 37 0.0000 0.0000
0.21 37 0.0000 0.0000
0.22 37 0.0000 0.0000
0.23 37 0.0000 0.0000
0.24 37 0.0000 0.0000
0.25 37 0.0000 0.0000
0.26 37 0.0000 0.0000
0.27 37 0.0000 0.0000
0.28 37 0.0000 0.0000
0.29 37 0.0000 0.0000
0.3 37 0.0000 0.0000
0.31 37 0.0000 0.0000
0.32 37 0.0000 0.0000
0.33 37 0.0000 0.0000
0.34 37 0.0000 0.0000
0.35 37 0.0000 0.0000
0.36 37 0.0000 0.0000
0.37 37 0.0000 0.0000
0.38 37 0.0000 0.0000
0.39 37 0.0000 0.0000
0.4 37 0.0000 0.0000
0.41 37 0.0000 0.0000
0.42 37 0.0000 0.0000
0.43 37 0.0000 0.0000
0.44 37 0.0000 0.0000
0.45 37 0.0000 0.0000
0.46 37 0.0000 0.0000
0.47 37 0.0100 181.0000
0.48 37 0.0000 0.0000
0.49 37 0.0200 271.5000
0.5 37 0.0300 278.3333
0.51 37 0.0500 283.6000
0.52 37 0.0500 316.4000
0.53 37 0.0700 257.8571
0.54 37 0.1500 315.1333
0.55 37 0.1600 331.7500
0.56 37 0.4100 397.8780
0.57 37 0.3700 415.6757
0.58 37 0.4800 451.0625
0.59 37 0.6600 521.1667
0.6 37 0.7900 542.3038
0.61 37 0.8500 555.7176
0.62 37 0.9000 605.0222
0.63 37 1.0000 663.6400
0.64 37 0.9600 679.6146
0.65 37 1.0000 773.1600
0.66 37 1.0000 780.5600
0.67 37 1.0000 841.5900
0.68 37 1.0000 865.6400
0.69 37 1.0000 888.7700
0.7 37 1.0000 923.2600
0.71 37 1.0000 943.1600
0.72 37 1.0000 962.3700
0.73 37 1.0000 970.8600
0.74 37 1.0000 999.0500
0.75 37 1.0000 1008.9000
0.76 37 1.0000 1025.7200
0.77 37 1.0000 1044.9200
0.78 37 1.0000 1062.6100
0.79 37 1.0000 1075.6500
0.8 37 1.0000 1090.1400
0.81 37 1.0000 1103.1100
0.82 37 1.0000 1117.8000
0.83 37 1.0000 1131.4100
0.84 37 1.0000 1150.2200
0.85 37 1.0000 1162.8600
0.86 37 1.0000 1177.2100
0.87 37 1.0000 1192.1100
0.88 37 1.0000 1202.0500
0.89 37 1.0000 1217.5200
0.9 37 1.0000 1232.1100
