0.1 13 0.0000 0.0000
0.11 13 0.0000 0.0000
0.12 13 0.0000 0.0000
0.13 13 0.0000 0.0000
0.14 13 0.0000 0.0000
0.15 13 0.0000 0.0000
0.16 13 0.0000 0.0000
0.17 13 0.0000 0.0000
0.18 13 0.0000 0.0000
0.19 13 0.0000 0.0000
0.2 13 0.0000 0.0000
0.21 13 0.0000 0.0000
0.22 13 0.0000 0.0000
0.23 13 0.0000 0.0000
0.24 13 0.0000 0.0000
0.25 13 0.0000 0.0000
0.26 13 0.0000 0.0000
0.27 13 0.0000 0.0000
0.28 13 0.0000 0.0000
0.29 13 0.0000 0.0000
0.3 13 0.0000 0.0000
0.31 13 0.0000 0.0000
0.32 13 0.0000 0.0000
0.33 13 0.0000 0.0000
0.34 13 0.0000 0.0000
0.35 13 0.0000 0.0000
0.36 13 0.0000 0.0000
0.37 13 0.0100 36.0000
0.38 13 0.0000 0.0000
0.39 13 0.0200 35.0000
0.4 13 0.0100 36.0000
0.41 13 0.0500 38.0000
0.42 13 0.0200 36.0000
0.43 13 0.0500 38.8000
0.44 13 0.0400 49.0000
0.45 13 0.1000 42.4000
0.46 13 0.0800 44.2500
0.47 13 0.1200 53.0000
0.48 13 0.1300 50.5385
0.49 13 0.1600 48.3125
0.5 13 0.2200 56.2273
0.51 13 0.2600 52.3846
0.52 13 0.2800 58.3571
0.53 13 0.3100 58.0323
0.54 13 0.3500 53.9429
0.55 13 0.4000 63.0500
0.56 13 0.5200 66.4423
0.57 13 0.6200 65.9032
0.58 13 0.6400 68.3125
0.59 13 0.7000 72.3429
0.6 13 0.7700 67.2987
0.61 13 0.7200 78.2778
0.62 13 0.8700 80.8391
0.63 13 0.8900 80.7978
0.64 13 0.9400 86.9255
0.65 13 0.9300 90.5376
0.66 13 0.9600 92.5729
0.67 13 0.9500 97.4842
0.68 13 0.9800 97.0612
0.69 13 0.9800 102.7143
0.7 13 1.0000 107.7600
0.71 13 0.9900 110.4949
0.72 13 1.0000 114.5400
0.73 13 0.9900 116.4848
0.74 13 1.0000 118.7900
0.75 13 1.0000 122.2000
0.76 13 1.0000 122.7500
0.77 13 1.0000 126.9000
0.78 13 1.0000 128.8300
0.79 13 1.0000 131.8000
0.8 13 1.0000 133.5100
0.81 13 1.0000 132.8900
0.82 13 1.0000 137.2200
0.83 13 1.0000 138.4200
0.84 13 1.0000 141.4100
0.85 13 1.0000 143.0100
0.86 13 1.0000 144.9200
0.87 13 1.0000 146.9200
0.88 13 1.0000 147.7100
0.89 13 1.0000 149.8000
0.9 13 1.0000 151.5500
