0.1 69 0.0000 0.0000
0.11 69 0.0000 0.0000
0.12 69 0.0000 0.0000
0.13 69 0.0000 0.0000
0.14 69 0.0000 0.0000
0.15 69 0.0000 0.0000
0.16 69 0.0000 0.0000
0.17 69 0.0000 0.0000
0.18 69 0.0000 0.0000
0.19 69 0.0000 0.0000
0.2 69 0.0000 0.0000
0.21 69 0.0000 0.0000
0.22 69 0.0000 0.0000
0.23 69 0.0000 0.0000
0.24 69 0.0000 0.0000
0.25 69 0.0000 0.0000
0.26 69 0.0000 0.0000
0.27 69 0.0000 0.0000
0.28 69 0.0000 0.0000
0.29 69 0.0000 0.0000
0.3 69 0.0000 0.0000
0.31 69 0.0000 0.0000
0.32 69 0.0000 0.0000
0.33 69 0.0000 0.0000
0.34 69 0.0000 0.0000
0.35 69 0.0000 0.0000
0.36 69 0.0000 0.0000
0.37 69 0.0000 0.0000
0.38 69 0.0000 0.0000
0.39 69 0.0000 0.0000
0.4 69 0.0000 0.0000
0.41 69 0.0000 0.0000
0.42 69 0.0000 0.0000
0.43 69 0.0000 0.0000
0.44 69 0.0000 0.0000
0.45 69 0.0000 0.0000
0.46 69 0.0000 0.0000
0.47 69 0.0000 0.0000
0.48 69 0.0000 0.0000
0.49 69 0.0000 0.0000
0.5 69 0.0000 0.0000
0.51 69 0.0000 0.0000
0.52 69 0.0000 0.0000
0.53 69 0.0000 0.0000
0.54 69 0.0100 808.0000
0.55 69 0.0400 895.5000
0.56 69 0.1400 1040.2143
0.57 69 0.2800 1139.7143
0.58 69 0.4700 1365.5532
0.59 69 0.7000 1530.6857
0.6 69 0.7400 1683.7703
0.61 69 0.9400 1928.7979
0.62 69 0.9200 2200.5543
0.63 69 0.9700 2437.4433
0.64 69 1.0000 2643.8500
0.65 69 1.0000 2814.0400
0.66 69 1.0000 2891.0200
0.67 69 1.0000 2993.0400
0.68 69 1.0000 3093.6200
0.69 69 1.0000 3168.8300
0.7 69 1.0000 3241.1700
0.71 69 1.0000 3296.6700
0.72 69 1.0000 3356.8100
0.73 69 1.0000 3421.2200
0.74 69 1.0000 3478.9700
0.75 69 1.0000 3540.1000
0.76 69 1.0000 3598.7900
0.77 69 1.0000 3645.7800
0.78 69 1.0000 3697.5300
0.79 69 1.0000 3746.9100
0.8 69 1.0000 3797.6900
0.81 69 1.0000 3848.5800
0.82 69 1.0000 3898.4800
0.83 69 1.0000 3941.8200
0.84 69 1.0000 3989.7700
0.85 69 1.0000 4040.7600
0.86 69 1.0000 4087.5800
0.87 69 1.0000 4135.4100
0.88 69 1.0000 4186.1800
0.89 69 1.0000 4239.5400
0.9 69 1.0000 4283.4000
