0.1 29 0.0000 0.0000
0.11 29 0.0000 0.0000
0.12 29 0.0000 0.0000
0.13 29 0.0000 0.0000
0.14 29 0.0000 0.0000
0.15 29 0.0000 0.0000
0.16 29 0.0000 0.0000
0.17 29 0.0000 0.0000
0.18 29 0.0000 0.0000
0.19 29 0.0000 0.0000
0.2 29 0.0000 0.0000
0.21 29 0.0000 0.0000
0.22 29 0.0000 0.0000
0.23 29 0.0000 0.0000
0.24 29 0.0000 0.0000
0.25 29 0.0000 0.0000
0.26 29 0.0000 0.0000
0.27 29 0.0000 0.0000
0.28 29 0.0000 0.0000
0.29 29 0.0000 0.0000
0.3 29 0.0000 0.0000
0.31 29 0.0000 0.0000
0.32 29 0.0000 0.0000
0.33 29 0.0000 0.0000
0.34 29 0.0000 0.0000
0.35 29 0.0000 0.0000
0.36 29 0.0000 0.0000
0.37 29 0.0000 0.0000
0.38 29 0.0000 0.0000
0.39 29 0.0000 0.0000
0.4 29 0.0000 0.0000
0.41 29 0.0000 0.0000
0.42 29 0.0000 0.0000
0.43 29 0.0000 0.0000
0.44 29 0.0000 0.0000
0.45 29 0.0000 0.0000
0.46 29 0.0100 137.0000
0.47 29 0.0100 220.0000
0.48 29 0.0100 130.0000
0.49 29 0.0200 155.5000
0.5 29 0.0000 0.0000
0.51 29 0.0100 182.0000
0.52 29 0.0900 216.5556
0.53 29 0.0700 204.5714
0.54 29 0.1300 193.3846
0.55 29 0.2600 229.3462
0.56 29 0.3600 251.0278
0.57 29 0.4600 287.1522
0.58 29 0.5200 305.6923
0.59 29 0.5900 292.6271
0.6 29 0.7200 324.3750
0.61 29 0.7900 350.5316
0.62 29 0.8800 377.5909
0.63 29 0.9200 400.9130
0.64 29 0.9900 416.1717
0.65 29 0.9700 453.5670
0.66 29 1.0000 471.2000
0.67 29 0.9900 506.1818
0.68 29 1.0000 524.0400
0.69 29 1.0000 544.6000
0.7 29 1.0000 555.9000
0.71 29 1.0000 576.6600
0.72 29 1.0000 587.4700
0.73 29 1.0000 599.3500
0.74 29 1.0000 611.2200
0.75 29 1.0000 620.6500
0.76 29 1.0000 631.7100
0.77 29 1.0000 640.1100
0.78 29 1.0000 650.2400
0.79 29 1.0000 659.2000
0.8 29 1.0000 667.8600
0.81 29 1.0000 678.7400
0.82 29 1.0000 687.0400
0.83 29 1.0000 695.5200
0.84 29 1.0000 704.5500
0.85 29 1.0000 716.4600
0.86 29 1.0000 722.3700
0.87 29 1.0000 730.1900
0.88 29 1.0000 740.8300
0.89 29 1.0000 749.2700
0.9 29 1.0000 756.7600
