0.1 50 0.0000 0.0000
0.11 50 0.0000 0.0000
0.12 50 0.0000 0.0000
0.13 50 0.0000 0.0000
0.14 50 0.0000 0.0000
0.15 50 0.0000 0.0000
0.16 50 0.0000 0.0000
0.17 50 0.0000 0.0000
0.18 50 0.0000 0.0000
0.19 50 0.0000 0.0000
0.2 50 0.0000 0.0000
0.21 50 0.0000 0.0000
0.22 50 0.0000 0.0000
0.23 50 0.0000 0.0000
0.24 50 0.0000 0.0000
0.25 50 0.0000 0.0000
0.26 50 0.0000 0.0000
0.27 50 0.0000 0.0000
0.28 50 0.0000 0.0000
0.29 50 0.0000 0.0000
0.3 50 0.0000 0.0000
0.31 50 0.0000 0.0000
0.32 50 0.0000 0.0000
0.33 50 0.0000 0.0000
0.34 50 0.0000 0.0000
0.35 50 0.0000 0.0000
0.36 50 0.0000 0.0000
0.37 50 0.0000 0.0000
0.38 50 0.0000 0.0000
0.39 50 0.0000 0.0000
0.4 50 0.0000 0.0000
0.41 50 0.0000 0.0000
0.42 50 0.0000 0.0000
0.43 50 0.0000 0.0000
0.44 50 0.0000 0.0000
0.45 50 0.0000 0.0000
0.46 50 0.0000 0.0000
0.47 50 0.0000 0.0000
0.48 50 0.0000 0.0000
0.49 50 0.0000 0.0000
0.5 50 0.0000 0.0000
0.51 50 0.0200 348.5000
0.52 50 0.0000 0.0000
0.53 50 0.0400 488.0000
0.54 50 0.0600 588.1667
0.55 50 0.1200 567.3333
0.56 50 0.2200 648.5000
0.57 50 0.3800 651.9211
0.58 50 0.3800 759.9211
0.59 50 0.6100 846.8197
0.6 50 0.7700 904.3506
0.61 50 0.8700 1014.0575
0.62 50 0.9800 1160.0204
0.63 50 0.9700 1241.1959
0.64 50 1.0000 1353.0600
0.65 50 1.0000 1420.8400
0.66 50 1.0000 1488.6800
0.67 50 1.0000 1567.3200
0.68 50 1.0000 1592.1500
0.69 50 1.0000 1654.4800
0.7 50 1.0000 1684.9600
0.71 50 1.0000 1732.0200
0.72 50 1.0000 1760.5900
0.73 50 1.0000 1794.9700
0.74 50 1.0000 1821.0600
0.75 50 1.0000 1848.6400
0.76 50 1.0000 1873.8600
0.77 50 1.0000 1911.4300
0.78 50 1.0000 1939.7100
0.79 50 1.0000 1967.3300
0.8 50 1.0000 1991.3800
0.81 50 1.0000 2018.6800
0.82 50 1.0000 2044.8400
0.83 50 1.0000 2072.0300
0.84 50 1.0000 2095.5400
0.85 50 1.0000 2125.9700
0.86 50 1.0000 2148.7800
0.87 50 1.0000 2174.3900
0.88 50 1.0000 2199.4100
0.89 50 1.0000 2223.1400
0.9 50 1.0000 2248.3100
