0.1 96 0.0000 0.0000
0.11 96 0.0000 0.0000
0.12 96 0.0000 0.0000
0.13 96 0.0000 0.0000
0.14 96 0.0000 0.0000
0.15 96 0.0000 0.0000
0.16 96 0.0000 0.0000
0.17 96 0.0000 0.0000
0.18 96 0.0000 0.0000
0.19 96 0.0000 0.0000
0.2 96 0.0000 0.0000
0.21 96 0.0000 0.0000
0.22 96 0.0000 0.0000
0.23 96 0.0000 0.0000
0.24 96 0.0000 0.0000
0.25 96 0.0000 0.0000
0.26 96 0.0000 0.0000
0.27 96 0.0000 0.0000
0.28 96 0.0000 0.0000
0.29 96 0.0000 0.0000
0.3 96 0.0000 0.0000
0.31 96 0.0000 0.0000
0.32 96 0.0000 0.0000
0.33 96 0.0000 0.0000
0.34 96 0.0000 0.0000
0.35 96 0.0000 0.0000
0.36 96 0.0000 0.0000
0.37 96 0.0000 0.0000
0.38 96 0.0000 0.0000
0.39 96 0.0000 0.0000
0.4 96 0.0000 0.0000
0.41 96 0.0000 0.0000
0.42 96 0.0000 0.0000
0.43 96 0.0000 0.0000
0.44 96 0.0000 0.0000
0.45 96 0.0000 0.0000
0.46 96 0.0000 0.0000
0.47 96 0.0000 0.0000
0.48 96 0.0000 0.0000
0.49 96 0.0000 0.0000
0.5 96 0.0000 0.0000
0.51 96 0.0000 0.0000
0.52 96 0.0000 0.0000
0.53 96 0.0000 0.0000
0.54 96 0.0000 0.0000
0.55 96 0.0400 1446.7500
0.56 96 0.0500 1738.0000
0.57 96 0.1000 2070.5000
0.58 96 0.3800 2560.3421
0.59 96 0.6200 2893.1935
0.6 96 0.8200 3401.0732
0.61 96 0.9100 3915.7363
0.62 96 0.9800 4458.8367
0.63 96 1.0000 4847.1500
0.64 96 1.0000 5237.8000
0.65 96 1.0000 5523.9500
0.66 96 1.0000 5715.0200
0.67 96 1.0000 5862.2800
0.68 96 1.0000 6023.6200
0.69 96 1.0000 6163.0100
0.7 96 1.0000 6281.2200
0.71 96 1.0000 6410.7200
0.72 96 1.0000 6538.1500
0.73 96 1.0000 6641.5100
0.74 96 1.0000 6747.5200
0.75 96 1.0000 6852.0000
0.76 96 1.0000 6956.8200
0.77 96 1.0000 7057.1800
0.78 96 1.0000 7153.2400
0.79 96 1.0000 7243.8300
0.8 96 1.0000 7346.7700
0.81 96 1.0000 7442.9100
0.82 96 1.0000 7543.7400
0.83 96 1.0000 7635.3900
0.84 96 1.0000 7740.0300
0.85 96 1.0000 7826.8700
0.86 96 1.0000 7925.2600
0.87 96 1.0000 8015.8000
0.88 96 1.0000 8109.7400
0.89 96 1.0000 8201.0900
0.9 96 1.0000 8294.1100
