0.1 53 0.0000 0.0000
0.11 53 0.0000 0.0000
0.12 53 0.0000 0.0000
0.13 53 0.0000 0.0000
0.14 53 0.0000 0.0000
0.15 53 0.0000 0.0000
0.16 53 0.0000 0.0000
0.17 53 0.0000 0.0000
0.18 53 0.0000 0.0000
0.19 53 0.0000 0.0000
0.2 53 0.0000 0.0000
0.21 53 0.0000 0.0000
0.22 53 0.0000 0.0000
0.23 53 0.0000 0.0000
0.24 53 0.0000 0.0000
0.25 53 0.0000 0.0000
0.26 53 0.0000 0.0000
0.27 53 0.0000 0.0000
0.28 53 0.0000 0.0000
0.29 53 0.0000 0.0000
0.3 53 0.0000 0.0000
0.31 53 0.0000 0.0000
0.32 53 0.0000 0.0000
0.33 53 0.0000 0.0000
0.34 53 0.0000 0.0000
0.35 53 0.0000 0.0000
0.36 53 0.0000 0.0000
0.37 53 0.0000 0.0000
0.38 53 0.0000 0.0000
0.39 53 0.0000 0.0000
0.4 53 0.0000 0.0000
0.41 53 0.0000 0.0000
0.42 53 0.0000 0.0000
0.43 53 0.0000 0.0000
0.44 53 0.0000 0.0000
0.45 53 0.0000 0.0000
0.46 53 0.0000 0.0000
0.47 53 0.0000 0.0000
0.48 53 0.0000 0.0000
0.49 53 0.0000 0.0000
0.5 53 0.0000 0.0000
0.51 53 0.0000 0.0000
0.52 53 0.0000 0.0000
0.53 53 0.0300 541.3333
0.54 53 0.0400 647.7500
0.55 53 0.1500 623.8000
0.56 53 0.2000 708.6500
0.57 53 0.3100 781.6452
0.58 53 0.4300 899.9302
0.59 53 0.5400 910.9444
0.6 53 0.7800 1051.0769
0.61 53 0.9200 1151.6087
0.62 53 0.9200 1297.6739
0.63 53 1.0000 1413.9000
0.64 53 0.9900 1498.4646
0.65 53 1.0000 1628.5000
0.66 53 1.0000 1695.2200
0.67 53 1.0000 1757.6300
0.68 53 1.0000 1811.7800
0.69 53 1.0000 1856.0400
0.7 53 1.0000 1894.6200
0.71 53 1.0000 1938.8800
0.72 53 1.0000 1973.4600
0.73 53 1.0000 2013.2300
0.74 53 1.0000 2051.3500
0.75 53 1.0000 2083.7800
0.76 53 1.0000 2115.6600
0.77 53 1.0000 2145.7300
0.78 53 1.0000 2177.6800
0.79 53 1.0000 2211.7600
0.8 53 1.0000 2235.9700
0.81 53 1.0000 2268.4000
0.82 53 1.0000 2299.2300
0.83 53 1.0000 2324.6500
0.84 53 1.0000 2355.3200
0.85 53 1.0000 2385.4500
0.86 53 1.0000 2414.7600
0.87 53 1.0000 2439.9100
0.88 53 1.0000 2471.1600
0.89 53 1.0000 2497.2300
0.9 53 1.0000 2528.7100
