0.1 26 0.0000 0.0000
0.11 26 0.0000 0.0000
0.12 26 0.0000 0.0000
0.13 26 0.0000 0.0000
0.14 26 0.0000 0.0000
0.15 26 0.0000 0.0000
0.16 26 0.0000 0.0000
0.17 26 0.0000 0.0000
0.18 26 0.0000 0.0000
0.19 26 0.0000 0.0000
0.2 26 0.0000 0.0000
0.21 26 0.0000 0.0000
0.22 26 0.0000 0.0000
0.23 26 0.0000 0.0000
0.24 26 0.0000 0.0000
0.25 26 0.0000 0.0000
0.26 26 0.0000 0.0000
0.27 26 0.0000 0.0000
0.28 26 0.0000 0.0000
0.29 26 0.0000 0.0000
0.3 26 0.0000 0.0000
0.31 26 0.0000 0.0000
0.32 26 0.0000 0.0000
0.33 26 0.0000 0.0000
0.34 26 0.0000 0.0000
0.35 26 0.0000 0.0000
0.36 26 0.0000 0.0000
0.37 26 0.0000 0.0000
0.38 26 0.0000 0.0000
0.39 26 0.0000 0.0000
0.4 26 0.0000 0.0000
0.41 26 0.0100 99.0000
0.42 26 0.0000 0.0000
0.43 26 0.0000 0.0000
0.44 26 0.0000 0.0000
0.45 26 0.0000 0.0000
0.46 26 0.0200 94.0000
0.47 26 0.0100 128.0000
0.48 26 0.0400 126.2500
0.49 26 0.0400 140.5000
0.5 26 0.0600 161.0000
0.51 26 0.0900 161.0000
0.52 26 0.1100 164.5455
0.53 26 0.1500 187.6000
0.54 26 0.2800 185.0000
0.55 26 0.3600 195.2222
0.56 26 0.4100 207.2195
0.57 26 0.4700 222.0638
0.58 26 0.7000 229.6571
0.59 26 0.6600 265.8030
0.6 26 0.8000 278.3000
0.61 26 0.8200 281.5854
0.62 26 0.9200 306.5870
0.63 26 0.9200 328.9348
0.64 26 0.9300 346.1290
0.65 26 0.9800 369.7755
0.66 26 0.9800 378.3878
0.67 26 1.0000 396.7600
0.68 26 0.9900 416.5152
0.69 26 1.0000 430.3600
0.7 26 1.0000 443.5700
0.71 26 1.0000 452.1600
0.72 26 1.0000 463.0200
0.73 26 1.0000 478.8900
0.74 26 1.0000 489.4900
0.75 26 1.0000 496.9400
0.76 26 1.0000 505.5700
0.77 26 1.0000 513.4100
0.78 26 1.0000 522.6800
0.79 26 1.0000 531.7400
0.8 26 1.0000 535.5800
0.81 26 1.0000 545.5500
0.82 26 1.0000 552.0800
0.83 26 1.0000 558.3100
0.84 26 1.0000 565.0000
0.85 26 1.0000 573.7000
0.86 26 1.0000 580.6800
0.87 26 1.0000 587.2600
0.88 26 1.0000 595.2400
0.89 26 1.0000 601.1700
0.9 26 1.0000 607.5600
