0.1 62 0.0000 0.0000
0.11 62 0.0000 0.0000
0.12 62 0.0000 0.0000
0.13 62 0.0000 0.0000
0.14 62 0.0000 0.0000
0.15 62 0.0000 0.0000
0.16 62 0.0000 0.0000
0.17 62 0.0000 0.0000
0.18 62 0.0000 0.0000
0.19 62 0.0000 0.0000
0.2 62 0.0000 0.0000
0.21 62 0.0000 0.0000
0.22 62 0.0000 0.0000
0.23 62 0.0000 0.0000
0.24 62 0.0000 0.0000
0.25 62 0.0000 0.0000
0.26 62 0.0000 0.0000
0.27 62 0.0000 0.0000
0.28 62 0.0000 0.0000
0.29 62 0.0000 0.0000
0.3 62 0.0000 0.0000
0.31 62 0.0000 0.0000
0.32 62 0.0000 0.0000
0.33 62 0.0000 0.0000
0.34 62 0.0000 0.0000
0.35 62 0.0000 0.0000
0.36 62 0.0000 0.0000
0.37 62 0.0000 0.0000
0.38 62 0.0000 0.0000
0.39 62 0.0000 0.0000
0.4 62 0.0000 0.0000
0.41 62 0.0000 0.0000
0.42 62 0.0000 0.0000
0.43 62 0.0000 0.0000
0.44 62 0.0000 0.0000
0.45 62 0.0000 0.0000
0.46 62 0.0000 0.0000
0.47 62 0.0000 0.0000
0.48 62 0.0000 0.0000
0.49 62 0.0000 0.0000
0.5 62 0.0000 0.0000
0.51 62 0.0000 0.0000
0.52 62 0.0000 0.0000
0.53 62 0.0300 514.3333
0.54 62 0.0400 672.2500
0.55 62 0.0600 806.3333
0.56 62 0.1500 903.0667
0.57 62 0.2800 946.9286
0.58 62 0.4100 1045.1220
0.59 62 0.5900 1209.8644
0.6 62 0.8100 1364.5185
0.61 62 0.9400 1621.7128
0.62 62 0.9500 1805.8526
0.63 62 1.0000 1963.8000
0.64 62 1.0000 2106.7300
0.65 62 1.0000 2236.5000
0.66 62 1.0000 2317.2000
0.67 62 1.0000 2416.6000
0.68 62 1.0000 2476.6700
0.69 62 1.0000 2546.7900
0.7 62 1.0000 2615.2400
0.71 62 1.0000 2661.8700
0.72 62 1.0000 2709.6900
0.73 62 1.0000 2756.1800
0.74 62 1.0000 2809.6900
0.75 62 1.0000 2846.3800
0.76 62 1.0000 2894.5300
0.77 62 1.0000 2945.6800
0.78 62 1.0000 2984.3600
0.79 62 1.0000 3021.7700
0.8 62 1.0000 3065.2400
0.81 62 1.0000 3104.1300
0.82 62 1.0000 3144.5800
0.83 62 1.0000 3187.8600
0.84 62 1.0000 3224.5300
0.85 62 1.0000 3262.0600
0.86 62 1.0000 3301.1700
0.87 62 1.0000 3342.1200
0.88 62 1.0000 3380.5400
0.89 62 1.0000 3418.9200
0.9 62 1.0000 3461.3800
