0.1 68 0.0000 0.0000
0.11 68 0.0000 0.0000
0.12 68 0.0000 0.0000
0.13 68 0.0000 0.0000
0.14 68 0.0000 0.0000
0.15 68 0.0000 0.0000
0.16 68 0.0000 0.0000
0.17 68 0.0000 0.0000
0.18 68 0.0000 0.0000
0.19 68 0.0000 0.0000
0.2 68 0.0000 0.0000
0.21 68 0.0000 0.0000
0.22 68 0.0000 0.0000
0.23 68 0.0000 0.0000
0.24 68 0.0000 0.0000
0.25 68 0.0000 0.0000
0.26 68 0.0000 0.0000
0.27 68 0.0000 0.0000
0.28 68 0.0000 0.0000
0.29 68 0.0000 0.0000
0.3 68 0.0000 0.0000
0.31 68 0.0000 0.0000
0.32 68 0.0000 0.0000
0.33 68 0.0000 0.0000
0.34 68 0.0000 0.0000
0.35 68 0.0000 0.0000
0.36 68 0.0000 0.0000
0.37 68 0.0000 0.0000
0.38 68 0.0000 0.0000
0.39 68 0.0000 0.0000
0.4 68 0.0000 0.0000
0.41 68 0.0000 0.0000
0.42 68 0.0000 0.0000
0.43 68 0.0000 0.0000
0.44 68 0.0000 0.0000
0.45 68 0.0000 0.0000
0.46 68 0.0000 0.0000
0.47 68 0.0000 0.0000
0.48 68 0.0000 0.0000
0.49 68 0.0000 0.0000
0.5 68 0.0000 0.0000
0.51 68 0.0000 0.0000
0.52 68 0.0000 0.0000
0.53 68 0.0100 895.0000
0.54 68 0.0200 641.5000
0.55 68 0.0700 775.8571
0.56 68 0.1900 1019.6842
0.57 68 0.2300 1145.2174
0.58 68 0.4200 1362.2619
0.59 68 0.6200 1436.4355
0.6 68 0.8100 1610.4691
0.61 68 0.9400 1828.3511
0.62 68 0.9800 2183.1837
0.63 68 0.9800 2365.5816
0.64 68 1.0000 2569.5900
0.65 68 1.0000 2732.9700
0.66 68 1.0000 2826.3300
0.67 68 1.0000 2920.8200
0.68 68 1.0000 2998.0100
0.69 68 1.0000 3074.5900
0.7 68 1.0000 3140.6000
0.71 68 1.0000 3197.6400
0.72 68 1.0000 3260.8700
0.73 68 1.0000 3325.0900
0.74 68 1.0000 3375.3200
0.75 68 1.0000 3430.3100
0.76 68 1.0000 3483.3200
0.77 68 1.0000 3540.4100
0.78 68 1.0000 3582.0200
0.79 68 1.0000 3637.0900
0.8 68 1.0000 3689.5300
0.81 68 1.0000 3730.5000
0.82 68 1.0000 3782.6000
0.83 68 1.0000 3830.5800
0.84 68 1.0000 3878.6000
0.85 68 1.0000 3932.2500
0.86 68 1.0000 3975.4700
0.87 68 1.0000 4021.8700
0.88 68 1.0000 4071.1800
0.89 68 1.0000 4111.8200
0.9 68 1.0000 4161.1400
