0.1 73 0.0000 0.0000
0.11 73 0.0000 0.0000
0.12 73 0.0000 0.0000
0.13 73 0.0000 0.0000
0.14 73 0.0000 0.0000
0.15 73 0.0000 0.0000
0.16 73 0.0000 0.0000
0.17 73 0.0000 0.0000
0.18 73 0.0000 0.0000
0.19 73 0.0000 0.0000
0.2 73 0.0000 0.0000
0.21 73 0.0000 0.0000
0.22 73 0.0000 0.0000
0.23 73 0.0000 0.0000
0.24 73 0.0000 0.0000
0.25 73 0.0000 0.0000
0.26 73 0.0000 0.0000
0.27 73 0.0000 0.0000
0.28 73 0.0000 0.0000
0.29 73 0.0000 0.0000
0.3 73 0.0000 0.0000
0.31 73 0.0000 0.0000
0.32 73 0.0000 0.0000
0.33 73 0.0000 0.0000
0.34 73 0.0000 0.0000
0.35 73 0.0000 0.0000
0.36 73 0.0000 0.0000
0.37 73 0.0000 0.0000
0.38 73 0.0000 0.0000
0.39 73 0.0000 0.0000
0.4 73 0.0000 0.0000
0.41 73 0.0000 0.0000
0.42 73 0.0000 0.0000
0.43 73 0.0000 0.0000
0.44 73 0.0000 0.0000
0.45 73 0.0000 0.0000
0.46 73 0.0000 0.0000
0.47 73 0.0000 0.0000
0.48 73 0.0000 0.0000
0.49 73 0.0000 0.0000
0.5 73 0.0000 0.0000
0.51 73 0.0000 0.0000
0.52 73 0.0000 0.0000
0.53 73 0.0100 1219.0000
0.54 73 0.0200 663.0000
0.55 73 0.0500 849.0000
0.56 73 0.1300 1161.6154
0.57 73 0.2500 1210.9600
0.58 73 0.4400 1421.0000
0.59 73 0.6200 1662.1452
0.6 73 0.8200 1963.8293
0.61 73 0.8800 2290.2727
0.62 73 0.9900 2563.8990
0.63 73 0.9900 2739.1010
0.64 73 1.0000 2980.0200
0.65 73 1.0000 3125.8800
0.66 73 1.0000 3266.7500
0.67 73 1.0000 3357.6700
0.68 73 1.0000 3464.2000
0.69 73 1.0000 3556.9200
0.7 73 1.0000 3622.9700
0.71 73 1.0000 3696.6900
0.72 73 1.0000 3758.7100
0.73 73 1.0000 3843.4200
0.74 73 1.0000 3901.2600
0.75 73 1.0000 3959.3400
0.76 73 1.0000 4022.6300
0.77 73 1.0000 4077.4700
0.78 73 1.0000 4134.6400
0.79 73 1.0000 4196.1400
0.8 73 1.0000 4250.4500
0.81 73 1.0000 4307.5000
0.82 73 1.0000 4358.4800
0.83 73 1.0000 4418.1900
0.84 73 1.0000 4472.4900
0.85 73 1.0000 4522.3700
0.86 73 1.0000 4582.7000
0.87 73 1.0000 4635.3000
0.88 73 1.0000 4687.3000
0.89 73 1.0000 4741.4100
0.9 73 1.0000 4795.1400
