0.1 100 0.0000 0.0000
0.11 100 0.0000 0.0000
0.12 100 0.0000 0.0000
0.13 100 0.0000 0.0000
0.14 100 0.0000 0.0000
0.15 100 0.0000 0.0000
0.16 100 0.0000 0.0000
0.17 100 0.0000 0.0000
0.18 100 0.0000 0.0000
0.19 100 0.0000 0.0000
0.2 100 0.0000 0.0000
0.21 100 0.0000 0.0000
0.22 100 0.0000 0.0000
0.23 100 0.0000 0.0000
0.24 100 0.0000 0.0000
0.25 100 0.0000 0.0000
0.26 100 0.0000 0.0000
0.27 100 0.0000 0.0000
0.28 100 0.0000 0.0000
0.29 100 0.0000 0.0000
0.3 100 0.0000 0.0000
0.31 100 0.0000 0.0000
0.32 100 0.0000 0.0000
0.33 100 0.0000 0.0000
0.34 100 0.0000 0.0000
0.35 100 0.0000 0.0000
0.36 100 0.0000 0.0000
0.37 100 0.0000 0.0000
0.38 100 0.0000 0.0000
0.39 100 0.0000 0.0000
0.4 100 0.0000 0.0000
0.41 100 0.0000 0.0000
0.42 100 0.0000 0.0000
0.43 100 0.0000 0.0000
0.44 100 0.0000 0.0000
0.45 100 0.0000 0.0000
0.46 100 0.0000 0.0000
0.47 100 0.0000 0.0000
0.48 100 0.0000 0.0000
0.49 100 0.0000 0.0000
0.5 100 0.0000 0.0000
0.51 100 0.0000 0.0000
0.52 100 0.0000 0.0000
0.53 100 0.0000 0.0000
0.54 100 0.0000 0.0000
0.55 100 0.0100 1639.0000
0.56 100 0.0500 2062.8000
0.57 100 0.1100 2222.1818
0.58 100 0.3300 2519.2424
0.59 100 0.6500 3022.4462
0.6 100 0.8600 3591.4302
0.61 100 0.9300 4232.4624
0.62 100 1.0000 4923.5000
0.63 100 1.0000 5328.4600
0.64 100 1.0000 5708.5000
0.65 100 1.0000 5973.0700
0.66 100 1.0000 6186.6000
0.67 100 1.0000 6364.7200
0.68 100 1.0000 6544.2400
0.69 100 1.0000 6687.1600
0.7 100 1.0000 6833.8400
0.71 100 1.0000 6964.0000
0.72 100 1.0000 7088.3200
0.73 100 1.0000 7205.6000
0.74 100 1.0000 7329.9200
0.75 100 1.0000 7434.4900
0.76 100 1.0000 7548.6800
0.77 100 1.0000 7658.1100
0.78 100 1.0000 7771.8400
0.79 100 1.0000 7878.4000
0.8 100 1.0000 7979.1400
0.81 100 1.0000 8085.1100
0.82 100 1.0000 8186.4700
0.83 100 1.0000 8298.3600
0.84 100 1.0000 8386.8700
0.85 100 1.0000 8494.9500
0.86 100 1.0000 8593.8800
0.87 100 1.0000 8693.4000
0.88 100 1.0000 8799.1500
0.89 100 1.0000 8896.2500
0.9 100 1.0000 8997.5500
