0.1 66 0.0000 0.0000
0.11 66 0.0000 0.0000
0.12 66 0.0000 0.0000
0.13 66 0.0000 0.0000
0.14 66 0.0000 0.0000
0.15 66 0.0000 0.0000
0.16 66 0.0000 0.0000
0.17 66 0.0000 0.0000
0.18 66 0.0000 0.0000
0.19 66 0.0000 0.0000
0.2 66 0.0000 0.0000
0.21 66 0.0000 0.0000
0.22 66 0.0000 0.0000
0.23 66 0.0000 0.0000
0.24 66 0.0000 0.0000
0.25 66 0.0000 0.0000
0.26 66 0.0000 0.0000
0.27 66 0.0000 0.0000
0.28 66 0.0000 0.0000
0.29 66 0.0000 0.0000
0.3 66 0.0000 0.0000
0.31 66 0.0000 0.0000
0.32 66 0.0000 0.0000
0.33 66 0.0000 0.0000
0.34 66 0.0000 0.0000
0.35 66 0.0000 0.0000
0.36 66 0.0000 0.0000
0.37 66 0.0000 0.0000
0.38 66 0.0000 0.0000
0.39 66 0.0000 0.0000
0.4 66 0.0000 0.0000
0.41 66 0.0000 0.0000
0.42 66 0.0000 0.0000
0.43 66 0.0000 0.0000
0.44 66 0.0000 0.0000
0.45 66 0.0000 0.0000
0.46 66 0.0000 0.0000
0.47 66 0.0000 0.0000
0.48 66 0.0000 0.0000
0.49 66 0.0000 0.0000
0.5 66 0.0000 0.0000
0.51 66 0.0000 0.0000
0.52 66 0.0000 0.0000
0.53 66 0.0000 0.0000
0.54 66 0.0200 974.5000
0.55 66 0.1000 731.4000
0.56 66 0.1400 941.5000
0.57 66 0.2600 1096.3077
0.58 66 0.4600 1172.7174
0.59 66 0.6000 1387.9000
0.6 66 0.8200 1546.9146
0.61 66 0.9200 1781.8261
0.62 66 0.9900 1991.4747
0.63 66 0.9900 2203.4242
0.64 66 0.9900 2395.6364
0.65 66 1.0000 2551.6000
0.66 66 1.0000 2651.8200
0.67 66 1.0000 2756.5900
0.68 66 1.0000 2824.9400
0.69 66 1.0000 2895.5200
0.7 66 1.0000 2964.2100
0.71 66 1.0000 3020.7000
0.72 66 1.0000 3070.2700
0.73 66 1.0000 3126.8400
0.74 66 1.0000 3188.8700
0.75 66 1.0000 3237.2500
0.76 66 1.0000 3291.1400
0.77 66 1.0000 3335.0400
0.78 66 1.0000 3377.6300
0.79 66 1.0000 3420.2700
0.8 66 1.0000 3469.9000
0.81 66 1.0000 3517.7500
0.82 66 1.0000 3564.8900
0.83 66 1.0000 3607.9900
0.84 66 1.0000 3655.6500
0.85 66 1.0000 3697.7500
0.86 66 1.0000 3743.1000
0.87 66 1.0000 3786.8000
0.88 66 1.0000 3836.2400
0.89 66 1.0000 3872.9000
0.9 66 1.0000 3917.1400
