0.1 70 0.0000 0.0000
0.11 70 0.0000 0.0000
0.12 70 0.0000 0.0000
0.13 70 0.0000 0.0000
0.14 70 0.0000 0.0000
0.15 70 0.0000 0.0000
0.16 70 0.0000 0.0000
0.17 70 0.0000 0.0000
0.18 70 0.0000 0.0000
0.19 70 0.0000 0.0000
0.2 70 0.0000 0.0000
0.21 70 0.0000 0.0000
0.22 70 0.0000 0.0000
0.23 70 0.0000 0.0000
0.24 70 0.0000 0.0000
0.25 70 0.0000 0.0000
0.26 70 0.0000 0.0000
0.27 70 0.0000 0.0000
0.28 70 0.0000 0.0000
0.29 70 0.0000 0.0000
0.3 70 0.0000 0.0000
0.31 70 0.0000 0.0000
0.32 70 0.0000 0.0000
0.33 70 0.0000 0.0000
0.34 70 0.0000 0.0000
0.35 70 0.0000 0.0000
0.36 70 0.0000 0.0000
0.37 70 0.0000 0.0000
0.38 70 0.0000 0.0000
0.39 70 0.0000 0.0000
0.4 70 0.0000 0.0000
0.41 70 0.0000 0.0000
0.42 70 0.0000 0.0000
0.43 70 0.0000 0.0000
0.44 70 0.0000 0.0000
0.45 70 0.0000 0.0000
0.46 70 0.0000 0.0000
0.47 70 0.0000 0.0000
0.48 70 0.0000 0.0000
0.49 70 0.0000 0.0000
0.5 70 0.0000 0.0000
0.51 70 0.0000 0.0000
0.52 70 0.0000 0.0000
0.53 70 0.0100 897.0000
0.54 70 0.0200 1006.0000
0.55 70 0.0700 981.1429
0.56 70 0.1600 997.3750
0.57 70 0.2000 1181.7500
0.58 70 0.4500 1405.0667
0.59 70 0.6600 1533.8939
0.6 70 0.8600 1797.4302
0.61 70 0.9400 2089.1383
0.62 70 0.9600 2210.8542
0.63 70 1.0000 2516.5000
0.64 70 0.9900 2724.9596
0.65 70 1.0000 2919.0600
0.66 70 1.0000 2999.0800
0.67 70 1.0000 3102.7700
0.68 70 1.0000 3181.4700
0.69 70 1.0000 3257.3700
0.7 70 1.0000 3341.5400
0.71 70 1.0000 3394.4900
0.72 70 1.0000 3466.2400
0.73 70 1.0000 3539.4400
0.74 70 1.0000 3582.4700
0.75 70 1.0000 3637.1800
0.76 70 1.0000 3696.0700
0.77 70 1.0000 3751.4800
0.78 70 1.0000 3807.7300
0.79 70 1.0000 3859.7500
0.8 70 1.0000 3906.6100
0.81 70 1.0000 3956.5100
0.82 70 1.0000 4007.9600
0.83 70 1.0000 4055.8700
0.84 70 1.0000 4113.3200
0.85 70 1.0000 4163.2100
0.86 70 1.0000 4211.6700
0.87 70 1.0000 4260.4900
0.88 70 1.0000 4307.3200
0.89 70 1.0000 4359.8500
0.9 70 1.0000 4406.2800
