0.1 85 0.0000 0.0000
0.11 85 0.0000 0.0000
0.12 85 0.0000 0.0000
0.13 85 0.0000 0.0000
0.14 85 0.0000 0.0000
0.15 85 0.0000 0.0000
0.16 85 0.0000 0.0000
0.17 85 0.0000 0.0000
0.18 85 0.0000 0.0000
0.19 85 0.0000 0.0000
0.2 85 0.0000 0.0000
0.21 85 0.0000 0.0000
0.22 85 0.0000 0.0000
0.23 85 0.0000 0.0000
0.24 85 0.0000 0.0000
0.25 85 0.0000 0.0000
0.26 85 0.0000 0.0000
0.27 85 0.0000 0.0000
0.28 85 0.0000 0.0000
0.29 85 0.0000 0.0000
0.3 85 0.0000 0.0000
0.31 85 0.0000 0.0000
0.32 85 0.0000 0.0000
0.33 85 0.0000 0.0000
0.34 85 0.0000 0.0000
0.35 85 0.0000 0.0000
0.36 85 0.0000 0.0000
0.37 85 0.0000 0.0000
0.38 85 0.0000 0.0000
0.39 85 0.0000 0.0000
0.4 85 0.0000 0.0000
0.41 85 0.0000 0.0000
0.42 85 0.0000 0.0000
0.43 85 0.0000 0.0000
0.44 85 0.0000 0.0000
0.45 85 0.0000 0.0000
0.46 85 0.0000 0.0000
0.47 85 0.0000 0.0000
0.48 85 0.0000 0.0000
0.49 85 0.0000 0.0000
0.5 85 0.0000 0.0000
0.51 85 0.0000 0.0000
0.52 85 0.0000 0.0000
0.53 85 0.0000 0.0000
0.54 85 0.0000 0.0000
0.55 85 0.0400 1572.2500
0.56 85 0.0700 1403.0000
0.57 85 0.2100 1687.3333
0.58 85 0.3700 1953.3243
0.59 85 0.6100 2234.8525
0.6 85 0.8100 2574.5926
0.61 85 0.9300 3010.5914
0.62 85 1.0000 3509.8500
0.63 85 1.0000 3796.4500
0.64 85 1.0000 4003.2100
0.65 85 1.0000 4271.0200
0.66 85 1.0000 4464.2100
0.67 85 1.0000 4611.8900
0.68 85 1.0000 4707.9100
0.69 85 1.0000 4815.8100
0.7 85 1.0000 4937.1900
0.71 85 1.0000 5026.5000
0.72 85 1.0000 5110.6900
0.73 85 1.0000 5208.1700
0.74 85 1.0000 5284.9700
0.75 85 1.0000 5364.7300
0.76 85 1.0000 5451.6000
0.77 85 1.0000 5533.4100
0.78 85 1.0000 5608.4800
0.79 85 1.0000 5684.2100
0.8 85 1.0000 5762.8900
0.81 85 1.0000 5844.4700
0.82 85 1.0000 5913.8300
0.83 85 1.0000 5986.2800
0.84 85 1.0000 6063.5900
0.85 85 1.0000 6136.8300
0.86 85 1.0000 6203.7100
0.87 85 1.0000 6286.6600
0.88 85 1.0000 6357.7700
0.89 85 1.0000 6428.3300
0.9 85 1.0000 6503.0900
