0.1 12 0.0000 0.0000
0.11 12 0.0000 0.0000
0.12 12 0.0000 0.0000
0.13 12 0.0000 0.0000
0.14 12 0.0000 0.0000
0.15 12 0.0000 0.0000
0.16 12 0.0000 0.0000
0.17 12 0.0000 0.0000
0.18 12 0.0000 0.0000
0.19 12 0.0000 0.0000
0.2 12 0.0000 0.0000
0.21 12 0.0000 0.0000
0.22 12 0.0000 0.0000
0.23 12 0.0000 0.0000
0.24 12 0.0000 0.0000
0.25 12 0.0000 0.0000
0.26 12 0.0000 0.0000
0.27 12 0.0000 0.0000
0.28 12 0.0000 0.0000
0.29 12 0.0000 0.0000
0.3 12 0.0000 0.0000
0.31 12 0.0000 0.0000
0.32 12 0.0100 23.0000
0.33 12 0.0000 0.0000
0.34 12 0.0000 0.0000
0.35 12 0.0000 0.0000
0.36 12 0.0000 0.0000
0.37 12 0.0100 28.0000
0.38 12 0.0000 0.0000
0.39 12 0.0000 0.0000
0.4 12 0.0300 32.0000
0.41 12 0.0300 34.6667
0.42 12 0.0600 34.0000
0.43 12 0.0500 35.0000
0.44 12 0.0100 27.0000
0.45 12 0.0700 41.4286
0.46 12 0.1000 39.3000
0.47 12 0.1100 44.8182
0.48 12 0.1200 41.3333
0.49 12 0.2000 43.5500
0.5 12 0.2300 47.7826
0.51 12 0.2500 43.5600
0.52 12 0.2500 45.8000
0.53 12 0.3900 48.0769
0.54 12 0.3400 50.9118
0.55 12 0.4900 52.8776
0.56 12 0.4800 55.8333
0.57 12 0.5700 61.4912
0.58 12 0.6600 60.5152
0.59 12 0.7000 59.5714
0.6 12 0.7500 67.0667
0.61 12 0.7900 65.2278
0.62 12 0.7900 69.8734
0.63 12 0.8400 73.6071
0.64 12 0.9000 77.7222
0.65 12 0.9200 78.5326
0.66 12 0.9500 76.2632
0.67 12 0.9500 84.6316
0.68 12 0.9500 87.7368
0.69 12 1.0000 86.4700
0.7 12 0.9800 91.6633
0.71 12 1.0000 92.3300
0.72 12 0.9900 95.2424
0.73 12 1.0000 98.7800
0.74 12 1.0000 99.4500
0.75 12 1.0000 103.2700
0.76 12 1.0000 104.0900
0.77 12 1.0000 108.6800
0.78 12 1.0000 109.8700
0.79 12 1.0000 112.7700
0.8 12 1.0000 112.8800
0.81 12 1.0000 114.8400
0.82 12 1.0000 117.6900
0.83 12 1.0000 118.4900
0.84 12 1.0000 119.7100
0.85 12 1.0000 122.5800
0.86 12 1.0000 124.1600
0.87 12 1.0000 124.1100
0.88 12 1.0000 126.2400
0.89 12 1.0000 127.7700
0.9 12 1.0000 129.6000
