0.1 22 0.0000 0.0000
0.11 22 0.0000 0.0000
0.12 22 0.0000 0.0000
0.13 22 0.0000 0.0000
0.14 22 0.0000 0.0000
0.15 22 0.0000 0.0000
0.16 22 0.0000 0.0000
0.17 22 0.0000 0.0000
0.18 22 0.0000 0.0000
0.19 22 0.0000 0.0000
0.2 22 0.0000 0.0000
0.21 22 0.0000 0.0000
0.22 22 0.0000 0.0000
0.23 22 0.0000 0.0000
0.24 22 0.0000 0.0000
0.25 22 0.0000 0.0000
0.26 22 0.0000 0.0000
0.27 22 0.0000 0.0000
0.28 22 0.0000 0.0000
0.29 22 0.0000 0.0000
0.3 22 0.0000 0.0000
0.31 22 0.0000 0.0000
0.32 22 0.0000 0.0000
0.33 22 0.0000 0.0000
0.34 22 0.0000 0.0000
0.35 22 0.0000 0.0000
0.36 22 0.0000 0.0000
0.37 22 0.0000 0.0000
0.38 22 0.0000 0.0000
0.39 22 0.0100 45.0000
0.4 22 0.0000 0.0000
0.41 22 0.0000 0.0000
0.42 22 0.0000 0.0000
0.43 22 0.0100 57.0000
0.44 22 0.0000 0.0000
0.45 22 0.0100 133.0000
0.46 22 0.0100 122.0000
0.47 22 0.0100 119.0000
0.48 22 0.0700 107.0000
0.49 22 0.0600 128.0000
0.5 22 0.0700 108.2857
0.51 22 0.0700 107.5714
0.52 22 0.1300 123.6154
0.53 22 0.1900 136.7368
0.54 22 0.3500 126.2000
0.55 22 0.4000 152.1250
0.56 22 0.4300 147.6279
0.57 22 0.5000 171.1800
0.58 22 0.5800 176.9138
0.59 22 0.6700 177.4925
0.6 22 0.7200 192.8611
0.61 22 0.8400 204.3810
0.62 22 0.8700 211.7011
0.63 22 0.9000 239.7000
0.64 22 0.9400 241.5957
0.65 22 0.9600 258.4271
0.66 22 0.9800 270.0204
0.67 22 0.9900 280.7980
0.68 22 0.9900 293.0808
0.69 22 1.0000 307.6300
0.7 22 1.0000 316.3000
0.71 22 1.0000 326.9900
0.72 22 1.0000 336.5800
0.73 22 1.0000 340.6200
0.74 22 1.0000 346.9700
0.75 22 1.0000 358.3200
0.76 22 1.0000 361.0400
0.77 22 1.0000 371.2100
0.78 22 1.0000 372.7200
0.79 22 1.0000 379.0100
0.8 22 1.0000 384.1700
0.81 22 1.0000 390.2700
0.82 22 1.0000 395.5000
0.83 22 1.0000 399.5500
0.84 22 1.0000 405.8100
0.85 22 1.0000 408.2100
0.86 22 1.0000 415.4400
0.87 22 1.0000 419.9500
0.88 22 1.0000 425.5300
0.89 22 1.0000 429.2700
0.9 22 1.0000 435.5300
