0.1 25 0.0000 0.0000
0.11 25 0.0000 0.0000
0.12 25 0.0000 0.0000
0.13 25 0.0000 0.0000
0.14 25 0.0000 0.0000
0.15 25 0.0000 0.0000
0.16 25 0.0000 0.0000
0.17 25 0.0000 0.0000
0.18 25 0.0000 0.0000
0.19 25 0.0000 0.0000
0.2 25 0.0000 0.0000
0.21 25 0.0000 0.0000
0.22 25 0.0000 0.0000
0.23 25 0.0000 0.0000
0.24 25 0.0000 0.0000
0.25 25 0.0000 0.0000
0.26 25 0.0000 0.0000
0.27 25 0.0000 0.0000
0.28 25 0.0000 0.0000
0.29 25 0.0000 0.0000
0.3 25 0.0000 0.0000
0.31 25 0.0000 0.0000
0.32 25 0.0000 0.0000
0.33 25 0.0000 0.0000
0.34 25 0.0000 0.0000
0.35 25 0.0000 0.0000
0.36 25 0.0000 0.0000
0.37 25 0.0000 0.0000
0.38 25 0.0000 0.0000
0.39 25 0.0000 0.0000
0.4 25 0.0000 0.0000
0.41 25 0.0000 0.0000
0.42 25 0.0000 0.0000
0.43 25 0.0000 0.0000
0.44 25 0.0100 126.0000
0.45 25 0.0000 0.0000
0.46 25 0.0100 158.0000
0.47 25 0.0300 96.6667
0.48 25 0.0400 135.2500
0.49 25 0.0400 135.0000
0.5 25 0.0800 122.0000
0.51 25 0.0500 174.2000
0.52 25 0.1200 161.5000
0.53 25 0.1500 184.7333
0.54 25 0.2300 187.8261
0.55 25 0.3300 170.9394
0.56 25 0.4000 207.8250
0.57 25 0.4700 212.1915
0.58 25 0.6100 220.6230
0.59 25 0.5700 229.4737
0.6 25 0.7500 249.0133
0.61 25 0.8100 277.4444
0.62 25 0.8100 284.6049
0.63 25 0.9200 295.9348
0.64 25 0.9200 315.8587
0.65 25 0.9800 341.3878
0.66 25 0.9800 357.9694
0.67 25 1.0000 368.7900
0.68 25 0.9800 385.5714
0.69 25 0.9900 392.0202
0.7 25 1.0000 413.8300
0.71 25 1.0000 422.7300
0.72 25 1.0000 432.0100
0.73 25 1.0000 446.5900
0.74 25 1.0000 448.8200
0.75 25 1.0000 459.8000
0.76 25 1.0000 469.5500
0.77 25 1.0000 474.2200
0.78 25 1.0000 481.0100
0.79 25 1.0000 489.1600
0.8 25 1.0000 496.6300
0.81 25 1.0000 502.8700
0.82 25 1.0000 510.2500
0.83 25 1.0000 517.7700
0.84 25 1.0000 524.0900
0.85 25 1.0000 531.1800
0.86 25 1.0000 536.5600
0.87 25 1.0000 541.4000
0.88 25 1.0000 549.1300
0.89 25 1.0000 556.8100
0.9 25 1.0000 564.0200
