0.1 90 0.0000 0.0000
0.11 90 0.0000 0.0000
0.12 90 0.0000 0.0000
0.13 90 0.0000 0.0000
0.14 90 0.0000 0.0000
0.15 90 0.0000 0.0000
0.16 90 0.0000 0.0000
0.17 90 0.0000 0.0000
0.18 90 0.0000 0.0000
0.19 90 0.0000 0.0000
0.2 90 0.0000 0.0000
0.21 90 0.0000 0.0000
0.22 90 0.0000 0.0000
0.23 90 0.0000 0.0000
0.24 90 0.0000 0.0000
0.25 90 0.0000 0.0000
0.26 90 0.0000 0.0000
0.27 90 0.0000 0.0000
0.28 90 0.0000 0.0000
0.29 90 0.0000 0.0000
0.3 90 0.0000 0.0000
0.31 90 0.0000 0.0000
0.32 90 0.0000 0.0000
0.33 90 0.0000 0.0000
0.34 90 0.0000 0.0000
0.35 90 0.0000 0.0000
0.36 90 0.0000 0.0000
0.37 90 0.0000 0.0000
0.38 90 0.0000 0.0000
0.39 90 0.0000 0.0000
0.4 90 0.0000 0.0000
0.41 90 0.0000 0.0000
0.42 90 0.0000 0.0000
0.43 90 0.0000 0.0000
0.44 90 0.0000 0.0000
0.45 90 0.0000 0.0000
0.46 90 0.0000 0.0000
0.47 90 0.0000 0.0000
0.48 90 0.0000 0.0000
0.49 90 0.0000 0.0000
0.5 90 0.0000 0.0000
0.51 90 0.0000 0.0000
0.52 90 0.0000 0.0000
0.53 90 0.0000 0.0000
0.54 90 0.0100 1340.0000
0.55 90 0.0400 1548.5000
0.56 90 0.0700 1643.0000
0.57 90 0.1900 1930.2105
0.58 90 0.4100 2277.3902
0.59 90 0.6100 2399.1803
0.6 90 0.7900 2667.3797
0.61 90 0.9000 3349.1444
0.62 90 1.0000 3854.9000
0.63 90 1.0000 4346.8600
0.64 90 1.0000 4604.7200
0.65 90 1.0000 4834.8600
0.66 90 1.0000 5005.2500
0.67 90 1.0000 5160.8000
0.68 90 1.0000 5301.8700
0.69 90 1.0000 5416.9100
0.7 90 1.0000 5518.6100
0.71 90 1.0000 5631.2600
0.72 90 1.0000 5731.5900
0.73 90 1.0000 5831.4100
0.74 90 1.0000 5935.4800
0.75 90 1.0000 6025.3300
0.76 90 1.0000 6108.7300
0.77 90 1.0000 6197.1400
0.78 90 1.0000 6291.2000
0.79 90 1.0000 6382.4000
0.8 90 1.0000 6465.7400
0.81 90 1.0000 6539.6400
0.82 90 1.0000 6637.9100
0.83 90 1.0000 6708.9400
0.84 90 1.0000 6797.3300
0.85 90 1.0000 6881.8900
0.86 90 1.0000 6964.3400
0.87 90 1.0000 7043.8000
0.88 90 1.0000 7124.8900
0.89 90 1.0000 7205.6200
0.9 90 1.0000 7288.0500
