0.1 36 0.0000 0.0000
0.11 36 0.0000 0.0000
0.12 36 0.0000 0.0000
0.13 36 0.0000 0.0000
0.14 36 0.0000 0.0000
0.15 36 0.0000 0.0000
0.16 36 0.0000 0.0000
0.17 36 0.0000 0.0000
0.18 36 0.0000 0.0000
0.19 36 0.0000 0.0000
0.2 36 0.0000 0.0000
0.21 36 0.0000 0.0000
0.22 36 0.0000 0.0000
0.23 36 0.0000 0.0000
0.24 36 0.0000 0.0000
0.25 36 0.0000 0.0000
0.26 36 0.0000 0.0000
0.27 36 0.0000 0.0000
0.28 36 0.0000 0.0000
0.29 36 0.0000 0.0000
0.3 36 0.0000 0.0000
0.31 36 0.0000 0.0000
0.32 36 0.0000 0.0000
0.33 36 0.0000 0.0000
0.34 36 0.0000 0.0000
0.35 36 0.0000 0.0000
0.36 36 0.0000 0.0000
0.37 36 0.0000 0.0000
0.38 36 0.0000 0.0000
0.39 36 0.0000 0.0000
0.4 36 0.0000 0.0000
0.41 36 0.0000 0.0000
0.42 36 0.0000 0.0000
0.43 36 0.0000 0.0000
0.44 36 0.0000 0.0000
0.45 36 0.0000 0.0000
0.46 36 0.0000 0.0000
0.47 36 0.0000 0.0000
0.48 36 0.0100 158.0000
0.49 36 0.0100 201.0000
0.5 36 0.0100 205.0000
0.51 36 0.0200 294.0000
0.52 36 0.0300 250.6667
0.53 36 0.0900 254.1111
0.54 36 0.1000 314.8000
0.55 36 0.2100 315.5238
0.56 36 0.3000 355.4000
0.57 36 0.3900 356.1795
0.58 36 0.5300 422.9245
0.59 36 0.7100 459.8732
0.6 36 0.7600 516.8684
0.61 36 0.8000 565.4000
0.62 36 0.9100 598.5934
0.63 36 0.9700 651.5773
0.64 36 0.9900 688.1212
0.65 36 0.9900 709.2525
0.66 36 1.0000 746.3600
0.67 36 1.0000 794.9100
0.68 36 1.0000 816.6800
0.69 36 1.0000 850.9700
0.7 36 1.0000 871.6300
0.71 36 1.0000 895.3000
0.72 36 1.0000 902.2100
0.73 36 1.0000 924.9700
0.74 36 1.0000 943.5700
0.75 36 1.0000 956.8500
0.76 36 1.0000 975.3400
0.77 36 1.0000 991.6500
0.78 36 1.0000 1004.0500
0.79 36 1.0000 1019.5100
0.8 36 1.0000 1033.5800
0.81 36 1.0000 1045.3000
0.82 36 1.0000 1059.3600
0.83 36 1.0000 1072.2900
0.84 36 1.0000 1085.2100
0.85 36 1.0000 1098.6000
0.86 36 1.0000 1113.0000
0.87 36 1.0000 1126.8100
0.88 36 1.0000 1141.8600
0.89 36 1.0000 1151.7000
0.9 36 1.0000 1166.0300
