0.1 20 0.0000 0.0000
0.11 20 0.0000 0.0000
0.12 20 0.0000 0.0000
0.13 20 0.0000 0.0000
0.14 20 0.0000 0.0000
0.15 20 0.0000 0.0000
0.16 20 0.0000 0.0000
0.17 20 0.0000 0.0000
0.18 20 0.0000 0.0000
0.19 20 0.0000 0.0000
0.2 20 0.0000 0.0000
0.21 20 0.0000 0.0000
0.22 20 0.0000 0.0000
0.23 20 0.0000 0.0000
0.24 20 0.0000 0.0000
0.25 20 0.0000 0.0000
0.26 20 0.0000 0.0000
0.27 20 0.0000 0.0000
0.28 20 0.0000 0.0000
0.29 20 0.0000 0.0000
0.3 20 0.0000 0.0000
0.31 20 0.0000 0.0000
0.32 20 0.0000 0.0000
0.33 20 0.0000 0.0000
0.34 20 0.0000 0.0000
0.35 20 0.0000 0.0000
0.36 20 0.0000 0.0000
0.37 20 0.0000 0.0000
0.38 20 0.0000 0.0000
0.39 20 0.0000 0.0000
0.4 20 0.0000 0.0000
0.41 20 0.0000 0.0000
0.42 20 0.0000 0.0000
0.43 20 0.0000 0.0000
0.44 20 0.0100 83.0000
0.45 20 0.0500 74.6000
0.46 20 0.0100 66.0000
0.47 20 0.0600 83.8333
0.48 20 0.0700 93.8571
0.49 20 0.0300 100.0000
0.5 20 0.0900 109.6667
0.51 20 0.1400 107.3571
0.52 20 0.1400 106.5000
0.53 20 0.2600 118.0000
0.54 20 0.2900 120.7931
0.55 20 0.3100 117.6129
0.56 20 0.4300 135.6047
0.57 20 0.5200 144.3462
0.58 20 0.5800 153.7759
0.59 20 0.7100 150.7324
0.6 20 0.8000 158.1750
0.61 20 0.7500 162.2933
0.62 20 0.9000 190.3778
0.63 20 0.8800 184.9773
0.64 20 0.9200 205.8370
0.65 20 0.9600 206.4688
0.66 20 0.9800 218.2551
0.67 20 0.9900 234.4343
0.68 20 1.0000 241.5500
0.69 20 0.9900 251.6566
0.7 20 0.9900 260.9899
0.71 20 1.0000 270.1200
0.72 20 1.0000 275.3600
0.73 20 1.0000 280.3700
0.74 20 1.0000 288.2700
0.75 20 1.0000 291.9300
0.76 20 1.0000 297.8300
0.77 20 1.0000 306.2200
0.78 20 1.0000 309.1000
0.79 20 1.0000 314.7300
0.8 20 1.0000 316.4100
0.81 20 1.0000 322.7600
0.82 20 1.0000 325.8700
0.83 20 1.0000 330.2300
0.84 20 1.0000 335.2200
0.85 20 1.0000 337.8900
0.86 20 1.0000 342.8500
0.87 20 1.0000 347.8300
0.88 20 1.0000 351.8100
0.89 20 1.0000 355.6300
0.9 20 1.0000 359.7100
