0.1 99 0.0000 0.0000
0.11 99 0.0000 0.0000
0.12 99 0.0000 0.0000
0.13 99 0.0000 0.0000
0.14 99 0.0000 0.0000
0.15 99 0.0000 0.0000
0.16 99 0.0000 0.0000
0.17 99 0.0000 0.0000
0.18 99 0.0000 0.0000
0.19 99 0.0000 0.0000
0.2 99 0.0000 0.0000
0.21 99 0.0000 0.0000
0.22 99 0.0000 0.0000
0.23 99 0.0000 0.0000
0.24 99 0.0000 0.0000
0.25 99 0.0000 0.0000
0.26 99 0.0000 0.0000
0.27 99 0.0000 0.0000
0.28 99 0.0000 0.0000
0.29 99 0.0000 0.0000
0.3 99 0.0000 0.0000
0.31 99 0.0000 0.0000
0.32 99 0.0000 0.0000
0.33 99 0.0000 0.0000
0.34 99 0.0000 0.0000
0.35 99 0.0000 0.0000
0.36 99 0.0000 0.0000
0.37 99 0.0000 0.0000
0.38 99 0.0000 0.0000
0.39 99 0.0000 0.0000
0.4 99 0.0000 0.0000
0.41 99 0.0000 0.0000
0.42 99 0.0000 0.0000
0.43 99 0.0000 0.0000
0.44 99 0.0000 0.0000
0.45 99 0.0000 0.0000
0.46 99 0.0000 0.0000
0.47 99 0.0000 0.0000
0.48 99 0.0000 0.0000
0.49 99 0.0000 0.0000
0.5 99 0.0000 0.0000
0.51 99 0.0000 0.0000
0.52 99 0.0000 0.0000
0.53 99 0.0000 0.0000
0.54 99 0.0000 0.0000
0.55 99 0.0000 0.0000
0.56 99 0.0600 1880.5000
0.57 99 0.1900 1977.8421
0.58 99 0.2600 2618.9231
0.59 99 0.6500 2945.4615
0.6 99 0.8400 3517.9286
0.61 99 0.9500 4130.2737
0.62 99 0.9900 4775.8485
0.63 99 0.9900 5223.3434
0.64 99 1.0000 5577.3100
0.65 99 1.0000 5870.1800
0.66 99 1.0000 6072.9400
0.67 99 1.0000 6258.4100
0.68 99 1.0000 6405.3800
0.69 99 1.0000 6545.4500
0.7 99 1.0000 6706.8700
0.71 99 1.0000 6822.6500
0.72 99 1.0000 6933.4700
0.73 99 1.0000 7068.9000
0.74 99 1.0000 7177.3000
0.75 99 1.0000 7277.1200
0.76 99 1.0000 7404.8400
0.77 99 1.0000 7500.0700
0.78 99 1.0000 7611.7000
0.79 99 1.0000 7715.6000
0.8 99 1.0000 7822.6000
0.81 99 1.0000 7918.2300
0.82 99 1.0000 8022.5300
0.83 99 1.0000 8126.9100
0.84 99 1.0000 8229.1700
0.85 99 1.0000 8325.2700
0.86 99 1.0000 8423.3600
0.87 99 1.0000 8522.4900
0.88 99 1.0000 8617.7400
0.89 99 1.0000 8723.2300
0.9 99 1.0000 8817.1000
