0.1 55 0.0000 0.0000
0.11 55 0.0000 0.0000
0.12 55 0.0000 0.0000
0.13 55 0.0000 0.0000
0.14 55 0.0000 0.0000
0.15 55 0.0000 0.0000
0.16 55 0.0000 0.0000
0.17 55 0.0000 0.0000
0.18 55 0.0000 0.0000
0.19 55 0.0000 0.0000
0.2 55 0.0000 0.0000
0.21 55 0.0000 0.0000
0.22 55 0.0000 0.0000
0.23 55 0.0000 0.0000
0.24 55 0.0000 0.0000
0.25 55 0.0000 0.0000
0.26 55 0.0000 0.0000
0.27 55 0.0000 0.0000
0.28 55 0.0000 0.0000
0.29 55 0.0000 0.0000
0.3 55 0.0000 0.0000
0.31 55 0.0000 0.0000
0.32 55 0.0000 0.0000
0.33 55 0.0000 0.0000
0.34 55 0.0000 0.0000
0.35 55 0.0000 0.0000
0.36 55 0.0000 0.0000
0.37 55 0.0000 0.0000
0.38 55 0.0000 0.0000
0.39 55 0.0000 0.0000
0.4 55 0.0000 0.0000
0.41 55 0.0000 0.0000
0.42 55 0.0000 0.0000
0.43 55 0.0000 0.0000
0.44 55 0.0000 0.0000
0.45 55 0.0000 0.0000
0.46 55 0.0000 0.0000
0.47 55 0.0000 0.0000
0.48 55 0.0000 0.0000
0.49 55 0.0000 0.0000
0.5 55 0.0000 0.0000
0.51 55 0.0000 0.0000
0.52 55 0.0000 0.0000
0.53 55 0.0400 759.7500
0.54 55 0.0400 454.2500
0.55 55 0.1200 644.0833
0.56 55 0.1800 663.6111
0.57 55 0.4000 822.4500
0.58 55 0.4300 863.8837
0.59 55 0.6700 965.2388
0.6 55 0.7800 1129.8205
0.61 55 0.9100 1243.4725
0.62 55 0.9400 1380.7872
0.63 55 1.0000 1509.3900
0.64 55 0.9800 1669.6735
0.65 55 1.0000 1728.6800
0.66 55 1.0000 1820.8300
0.67 55 1.0000 1900.2400
0.68 55 1.0000 1956.4600
0.69 55 1.0000 2013.1800
0.7 55 1.0000 2048.1800
0.71 55 1.0000 2087.8000
0.72 55 1.0000 2129.4200
0.73 55 1.0000 2179.4100
0.74 55 1.0000 2207.1000
0.75 55 1.0000 2245.1800
0.76 55 1.0000 2284.6100
0.77 55 1.0000 2312.9600
0.78 55 1.0000 2346.8200
0.79 55 1.0000 2381.2300
0.8 55 1.0000 2409.0100
0.81 55 1.0000 2446.1300
0.82 55 1.0000 2473.0900
0.83 55 1.0000 2506.0300
0.84 55 1.0000 2537.8400
0.85 55 1.0000 2567.7500
0.86 55 1.0000 2601.5500
0.87 55 1.0000 2631.3300
0.88 55 1.0000 2662.8500
0.89 55 1.0000 2692.2200
0.9 55 1.0000 2721.0700
