0.1 61 0.0000 0.0000
0.11 61 0.0000 0.0000
0.12 61 0.0000 0.0000
0.13 61 0.0000 0.0000
0.14 61 0.0000 0.0000
0.15 61 0.0000 0.0000
0.16 61 0.0000 0.0000
0.17 61 0.0000 0.0000
0.18 61 0.0000 0.0000
0.19 61 0.0000 0.0000
0.2 61 0.0000 0.0000
0.21 61 0.0000 0.0000
0.22 61 0.0000 0.0000
0.23 61 0.0000 0.0000
0.24 61 0.0000 0.0000
0.25 61 0.0000 0.0000
0.26 61 0.0000 0.0000
0.27 61 0.0000 0.0000
0.28 61 0.0000 0.0000
0.29 61 0.0000 0.0000
0.3 61 0.0000 0.0000
0.31 61 0.0000 0.0000
0.32 61 0.0000 0.0000
0.33 61 0.0000 0.0000
0.34 61 0.0000 0.0000
0.35 61 0.0000 0.0000
0.36 61 0.0000 0.0000
0.37 61 0.0000 0.0000
0.38 61 0.0000 0.0000
0.39 61 0.0000 0.0000
0.4 61 0.0000 0.0000
0.41 61 0.0000 0.0000
0.42 61 0.0000 0.0000
0.43 61 0.0000 0.0000
0.44 61 0.0000 0.0000
0.45 61 0.0000 0.0000
0.46 61 0.0000 0.0000
0.47 61 0.0000 0.0000
0.48 61 0.0000 0.0000
0.49 61 0.0000 0.0000
0.5 61 0.0000 0.0000
0.51 61 0.0000 0.0000
0.52 61 0.0000 0.0000
0.53 61 0.0200 735.5000
0.54 61 0.0300 663.3333
0.55 61 0.0600 766.8333
0.56 61 0.1400 887.1429
0.57 61 0.3200 980.5312
0.58 61 0.3700 1012.0811
0.59 61 0.6900 1220.5217
0.6 61 0.8000 1304.8125
0.61 61 0.9100 1515.1209
0.62 61 0.9300 1719.8817
0.63 61 0.9900 1907.1111
0.64 61 1.0000 2006.8400
0.65 61 1.0000 2166.5100
0.66 61 1.0000 2220.0900
0.67 61 1.0000 2318.6700
0.68 61 1.0000 2395.9300
0.69 61 1.0000 2479.8800
0.7 61 1.0000 2524.7100
0.71 61 1.0000 2575.7500
0.72 61 1.0000 2628.3300
0.73 61 1.0000 2670.9500
0.74 61 1.0000 2716.3800
0.75 61 1.0000 2757.6700
0.76 61 1.0000 2805.4500
0.77 61 1.0000 2848.8700
0.78 61 1.0000 2885.6600
0.79 61 1.0000 2928.2300
0.8 61 1.0000 2966.4400
0.81 61 1.0000 3006.3900
0.82 61 1.0000 3046.0800
0.83 61 1.0000 3087.3300
0.84 61 1.0000 3122.2100
0.85 61 1.0000 3158.2400
0.86 61 1.0000 3196.8600
0.87 61 1.0000 3233.9700
0.88 61 1.0000 3272.7400
0.89 61 1.0000 3310.8300
0.9 61 1.0000 3341.7100
