0.1 84 0.0000 0.0000
0.11 84 0.0000 0.0000
0.12 84 0.0000 0.0000
0.13 84 0.0000 0.0000
0.14 84 0.0000 0.0000
0.15 84 0.0000 0.0000
0.16 84 0.0000 0.0000
0.17 84 0.0000 0.0000
0.18 84 0.0000 0.0000
0.19 84 0.0000 0.0000
0.2 84 0.0000 0.0000
0.21 84 0.0000 0.0000
0.22 84 0.0000 0.0000
0.23 84 0.0000 0.0000
0.24 84 0.0000 0.0000
0.25 84 0.0000 0.0000
0.26 84 0.0000 0.0000
0.27 84 0.0000 0.0000
0.28 84 0.0000 0.0000
0.29 84 0.0000 0.0000
0.3 84 0.0000 0.0000
0.31 84 0.0000 0.0000
0.32 84 0.0000 0.0000
0.33 84 0.0000 0.0000
0.34 84 0.0000 0.0000
0.35 84 0.0000 0.0000
0.36 84 0.0000 0.0000
0.37 84 0.0000 0.0000
0.38 84 0.0000 0.0000
0.39 84 0.0000 0.0000
0.4 84 0.0000 0.0000
0.41 84 0.0000 0.0000
0.42 84 0.0000 0.0000
0.43 84 0.0000 0.0000
0.44 84 0.0000 0.0000
0.45 84 0.0000 0.0000
0.46 84 0.0000 0.0000
0.47 84 0.0000 0.0000
0.48 84 0.0000 0.0000
0.49 84 0.0000 0.0000
0.5 84 0.0000 0.0000
0.51 84 0.0000 0.0000
0.52 84 0.0000 0.0000
0.53 84 0.0000 0.0000
0.54 84 0.0200 998.0000
0.55 84 0.0100 1147.0000
0.56 84 0.1400 1303.4286
0.57 84 0.2200 1684.3636
0.58 84 0.2700 1816.9630
0.59 84 0.5200 2131.2115
0.6 84 0.7700 2562.0519
0.61 84 0.9200 2924.9565
0.62 84 0.9900 3326.3232
0.63 84 1.0000 3732.9000
0.64 84 1.0000 3955.5300
0.65 84 1.0000 4182.6900
0.66 84 1.0000 4379.7200
0.67 84 1.0000 4472.2200
0.68 84 1.0000 4610.8000
0.69 84 1.0000 4713.9200
0.7 84 1.0000 4811.8000
0.71 84 1.0000 4910.8500
0.72 84 1.0000 5000.2100
0.73 84 1.0000 5082.6800
0.74 84 1.0000 5158.3900
0.75 84 1.0000 5242.1900
0.76 84 1.0000 5333.4800
0.77 84 1.0000 5403.9800
0.78 84 1.0000 5471.3700
0.79 84 1.0000 5544.7500
0.8 84 1.0000 5627.3400
0.81 84 1.0000 5702.0100
0.82 84 1.0000 5775.9900
0.83 84 1.0000 5852.7100
0.84 84 1.0000 5920.3800
0.85 84 1.0000 5991.1000
0.86 84 1.0000 6064.1900
0.87 84 1.0000 6135.6500
0.88 84 1.0000 6210.8100
0.89 84 1.0000 6277.6900
0.9 84 1.0000 6348.1800
