0.1 18 0.0000 0.0000
0.11 18 0.0000 0.0000
0.12 18 0.0000 0.0000
0.13 18 0.0000 0.0000
0.14 18 0.0000 0.0000
0.15 18 0.0000 0.0000
0.16 18 0.0000 0.0000
0.17 18 0.0000 0.0000
0.18 18 0.0000 0.0000
0.19 18 0.0000 0.0000
0.2 18 0.0000 0.0000
0.21 18 0.0000 0.0000
0.22 18 0.0000 0.0000
0.23 18 0.0000 0.0000
0.24 18 0.0000 0.0000
0.25 18 0.0000 0.0000
0.26 18 0.0000 0.0000
0.27 18 0.0000 0.0000
0.28 18 0.0000 0.0000
0.29 18 0.0000 0.0000
0.3 18 0.0000 0.0000
0.31 18 0.0000 0.0000
0.32 18 0.0000 0.0000
0.33 18 0.0000 0.0000
0.34 18 0.0000 0.0000
0.35 18 0.0000 0.0000
0.36 18 0.0000 0.0000
0.37 18 0.0000 0.0000
0.38 18 0.0000 0.0000
0.39 18 0.0000 0.0000
0.4 18 0.0000 0.0000
0.41 18 0.0000 0.0000
0.42 18 0.0100 74.0000
0.43 18 0.0100 75.0000
0.44 18 0.0200 57.0000
0.45 18 0.0200 59.0000
0.46 18 0.0100 75.0000
0.47 18 0.0500 77.0000
0.48 18 0.0500 85.4000
0.49 18 0.0800 82.2500
0.5 18 0.1300 84.6923
0.51 18 0.2000 89.0000
0.52 18 0.2100 96.2381
0.53 18 0.2900 89.2069
0.54 18 0.3600 101.6111
0.55 18 0.3400 108.1765
0.56 18 0.3700 105.9730
0.57 18 0.4700 106.2553
0.58 18 0.6500 122.4000
0.59 18 0.6300 135.7460
0.6 18 0.8700 127.6667
0.61 18 0.8300 148.0602
0.62 18 0.8700 155.4368
0.63 18 0.9000 153.5333
0.64 18 0.9400 167.7979
0.65 18 0.9600 171.8021
0.66 18 0.9700 179.7423
0.67 18 0.9900 185.8485
0.68 18 1.0000 196.0600
0.69 18 1.0000 205.9700
0.7 18 0.9900 204.4242
0.71 18 0.9900 213.2626
0.72 18 1.0000 223.2900
0.73 18 1.0000 225.0900
0.74 18 1.0000 231.8000
0.75 18 1.0000 236.5900
0.76 18 1.0000 240.6900
0.77 18 1.0000 243.7100
0.78 18 1.0000 250.4600
0.79 18 1.0000 254.5000
0.8 18 1.0000 256.7300
0.81 18 1.0000 261.3200
0.82 18 1.0000 262.9300
0.83 18 1.0000 267.0000
0.84 18 1.0000 271.2800
0.85 18 1.0000 273.6500
0.86 18 1.0000 277.1000
0.87 18 1.0000 281.6700
0.88 18 1.0000 284.5500
0.89 18 1.0000 288.1700
0.9 18 1.0000 292.2000
