0.1 89 0.0000 0.0000
0.11 89 0.0000 0.0000
0.12 89 0.0000 0.0000
0.13 89 0.0000 0.0000
0.14 89 0.0000 0.0000
0.15 89 0.0000 0.0000
0.16 89 0.0000 0.0000
0.17 89 0.0000 0.0000
0.18 89 0.0000 0.0000
0.19 89 0.0000 0.0000
0.2 89 0.0000 0.0000
0.21 89 0.0000 0.0000
0.22 89 0.0000 0.0000
0.23 89 0.0000 0.0000
0.24 89 0.0000 0.0000
0.25 89 0.0000 0.0000
0.26 89 0.0000 0.0000
0.27 89 0.0000 0.0000
0.28 89 0.0000 0.0000
0.29 89 0.0000 0.0000
0.3 89 0.0000 0.0000
0.31 89 0.0000 0.0000
0.32 89 0.0000 0.0000
0.33 89 0.0000 0.0000
0.34 89 0.0000 0.0000
0.35 89 0.0000 0.0000
0.36 89 0.0000 0.0000
0.37 89 0.0000 0.0000
0.38 89 0.0000 0.0000
0.39 89 0.0000 0.0000
0.4 89 0.0000 0.0000
0.41 89 0.0000 0.0000
0.42 89 0.0000 0.0000
0.43 89 0.0000 0.0000
0.44 89 0.0000 0.0000
0.45 89 0.0000 0.0000
0.46 89 0.0000 0.0000
0.47 89 0.0000 0.0000
0.48 89 0.0000 0.0000
0.49 89 0.0000 0.0000
0.5 89 0.0000 0.0000
0.51 89 0.0000 0.0000
0.52 89 0.0000 0.0000
0.53 89 0.0000 0.0000
0.54 89 0.0000 0.0000
0.55 89 0.0200 1537.0000
0.56 89 0.0400 1407.0000
0.57 89 0.2800 1704.4286
0.58 89 0.3600 2108.1111
0.59 89 0.6000 2439.2000
0.6 89 0.8000 2814.0875
0.61 89 0.9200 3451.7174
0.62 89 0.9900 3820.0101
0.63 89 1.0000 4249.0300
0.64 89 1.0000 4470.2500
0.65 89 1.0000 4717.2000
0.66 89 1.0000 4902.7900
0.67 89 1.0000 5050.3800
0.68 89 1.0000 5183.8500
0.69 89 1.0000 5295.1900
0.7 89 1.0000 5410.2500
0.71 89 1.0000 5511.8200
0.72 89 1.0000 5611.7800
0.73 89 1.0000 5700.8400
0.74 89 1.0000 5810.0300
0.75 89 1.0000 5884.9100
0.76 89 1.0000 5977.9900
0.77 89 1.0000 6055.6000
0.78 89 1.0000 6152.0200
0.79 89 1.0000 6233.6800
0.8 89 1.0000 6309.4300
0.81 89 1.0000 6399.8400
0.82 89 1.0000 6479.3200
0.83 89 1.0000 6568.3500
0.84 89 1.0000 6644.8600
0.85 89 1.0000 6726.7000
0.86 89 1.0000 6803.7800
0.87 89 1.0000 6888.2400
0.88 89 1.0000 6962.2600
0.89 89 1.0000 7045.6000
0.9 89 1.0000 7124.4300
