0.1 27 0.0000 0.0000
0.11 27 0.0000 0.0000
0.12 27 0.0000 0.0000
0.13 27 0.0000 0.0000
0.14 27 0.0000 0.0000
0.15 27 0.0000 0.0000
0.16 27 0.0000 0.0000
0.17 27 0.0000 0.0000
0.18 27 0.0000 0.0000
0.19 27 0.0000 0.0000
0.2 27 0.0000 0.0000
0.21 27 0.0000 0.0000
0.22 27 0.0000 0.0000
0.23 27 0.0000 0.0000
0.24 27 0.0000 0.0000
0.25 27 0.0000 0.0000
0.26 27 0.0000 0.0000
0.27 27 0.0000 0.0000
0.28 27 0.0000 0.0000
0.29 27 0.0000 0.0000
0.3 27 0.0000 0.0000
0.31 27 0.0000 0.0000
0.32 27 0.0000 0.0000
0.33 27 0.0000 0.0000
0.34 27 0.0000 0.0000
0.35 27 0.0000 0.0000
0.36 27 0.0000 0.0000
0.37 27 0.0000 0.0000
0.38 27 0.0000 0.0000
0.39 27 0.0000 0.0000
0.4 27 0.0000 0.0000
0.41 27 0.0000 0.0000
0.42 27 0.0000 0.0000
0.43 27 0.0000 0.0000
0.44 27 0.0100 95.0000
0.45 27 0.0000 0.0000
0.46 27 0.0100 103.0000
0.47 27 0.0000 0.0000
0.48 27 0.0000 0.0000
0.49 27 0.0300 142.6667
0.5 27 0.0700 153.2857
0.51 27 0.0500 189.2000
0.52 27 0.0700 178.5714
0.53 27 0.0900 202.8889
0.54 27 0.2200 193.5909
0.55 27 0.2400 207.0833
0.56 27 0.4700 228.4894
0.57 27 0.5500 241.2727
0.58 27 0.4800 252.7917
0.59 27 0.6700 266.7313
0.6 27 0.7700 285.6104
0.61 27 0.8700 305.4713
0.62 27 0.8600 337.7093
0.63 27 0.9500 340.0421
0.64 27 0.9700 368.6082
0.65 27 0.9800 397.3469
0.66 27 1.0000 430.0900
0.67 27 0.9900 438.3333
0.68 27 1.0000 453.0800
0.69 27 1.0000 467.8700
0.7 27 1.0000 479.1700
0.71 27 1.0000 496.5000
0.72 27 1.0000 503.6400
0.73 27 1.0000 515.5000
0.74 27 1.0000 526.3100
0.75 27 1.0000 537.2100
0.76 27 1.0000 550.1000
0.77 27 1.0000 558.5700
0.78 27 1.0000 563.9600
0.79 27 1.0000 571.8300
0.8 27 1.0000 580.4200
0.81 27 1.0000 588.1400
0.82 27 1.0000 596.1100
0.83 27 1.0000 604.2100
0.84 27 1.0000 609.7000
0.85 27 1.0000 619.1800
0.86 27 1.0000 626.2300
0.87 27 1.0000 633.1800
0.88 27 1.0000 640.7700
0.89 27 1.0000 648.1600
0.9 27 1.0000 657.1800
