0.1 74 0.0000 0.0000
0.11 74 0.0000 0.0000
0.12 74 0.0000 0.0000
0.13 74 0.0000 0.0000
0.14 74 0.0000 0.0000
0.15 74 0.0000 0.0000
0.16 74 0.0000 0.0000
0.17 74 0.0000 0.0000
0.18 74 0.0000 0.0000
0.19 74 0.0000 0.0000
0.2 74 0.0000 0.0000
0.21 74 0.0000 0.0000
0.22 74 0.0000 0.0000
0.23 74 0.0000 0.0000
0.24 74 0.0000 0.0000
0.25 74 0.0000 0.0000
0.26 74 0.0000 0.0000
0.27 74 0.0000 0.0000
0.28 74 0.0000 0.0000
0.29 74 0.0000 0.0000
0.3 74 0.0000 0.0000
0.31 74 0.0000 0.0000
0.32 74 0.0000 0.0000
0.33 74 0.0000 0.0000
0.34 74 0.0000 0.0000
0.35 74 0.0000 0.0000
0.36 74 0.0000 0.0000
0.37 74 0.0000 0.0000
0.38 74 0.0000 0.0000
0.39 74 0.0000 0.0000
0.4 74 0.0000 0.0000
0.41 74 0.0000 0.0000
0.42 74 0.0000 0.0000
0.43 74 0.0000 0.0000
0.44 74 0.0000 0.0000
0.45 74 0.0000 0.0000
0.46 74 0.0000 0.0000
0.47 74 0.0000 0.0000
0.48 74 0.0000 0.0000
0.49 74 0.0000 0.0000
0.5 74 0.0000 0.0000
0.51 74 0.0000 0.0000
0.52 74 0.0000 0.0000
0.53 74 0.0200 816.5000
0.54 74 0.0100 639.0000
0.55 74 0.0400 845.7500
0.56 74 0.0800 1228.1250
0.57 74 0.2300 1360.7826
0.58 74 0.3500 1408.0857
0.59 74 0.6000 1711.2000
0.6 74 0.8500 1967.3412
0.61 74 0.9400 2359.0745
0.62 74 0.9600 2559.9167
0.63 74 0.9900 2805.3030
0.64 74 1.0000 3053.5700
0.65 74 1.0000 3194.7300
0.66 74 1.0000 3373.6600
0.67 74 1.0000 3452.9500
0.68 74 1.0000 3564.7500
0.69 74 1.0000 3645.7600
0.7 74 1.0000 3722.8200
0.71 74 1.0000 3805.5800
0.72 74 1.0000 3862.8700
0.73 74 1.0000 3943.5800
0.74 74 1.0000 4004.0900
0.75 74 1.0000 4069.1000
0.76 74 1.0000 4132.4000
0.77 74 1.0000 4191.7900
0.78 74 1.0000 4246.8700
0.79 74 1.0000 4309.8100
0.8 74 1.0000 4366.2000
0.81 74 1.0000 4424.8300
0.82 74 1.0000 4483.5700
0.83 74 1.0000 4534.7200
0.84 74 1.0000 4589.2900
0.85 74 1.0000 4642.8900
0.86 74 1.0000 4705.6400
0.87 74 1.0000 4763.2200
0.88 74 1.0000 4817.1100
0.89 74 1.0000 4874.3100
0.9 74 1.0000 4925.7600
