0.1 23 0.0000 0.0000
0.11 23 0.0000 0.0000
0.12 23 0.0000 0.0000
0.13 23 0.0000 0.0000
0.14 23 0.0000 0.0000
0.15 23 0.0000 0.0000
0.16 23 0.0000 0.0000
0.17 23 0.0000 0.0000
0.18 23 0.0000 0.0000
0.19 23 0.0000 0.0000
0.2 23 0.0000 0.0000
0.21 23 0.0000 0.0000
0.22 23 0.0000 0.0000
0.23 23 0.0000 0.0000
0.24 23 0.0000 0.0000
0.25 23 0.0000 0.0000
0.26 23 0.0000 0.0000
0.27 23 0.0000 0.0000
0.28 23 0.0000 0.0000
0.29 23 0.0000 0.0000
0.3 23 0.0000 0.0000
0.31 23 0.0000 0.0000
0.32 23 0.0000 0.0000
0.33 23 0.0000 0.0000
0.34 23 0.0000 0.0000
0.35 23 0.0000 0.0000
0.36 23 0.0000 0.0000
0.37 23 0.0000 0.0000
0.38 23 0.0000 0.0000
0.39 23 0.0000 0.0000
0.4 23 0.0000 0.0000
0.41 23 0.0000 0.0000
0.42 23 0.0000 0.0000
0.43 23 0.0000 0.0000
0.44 23 0.0000 0.0000
0.45 23 0.0000 0.0000
0.46 23 0.0000 0.0000
0.47 23 0.0300 102.0000
0.48 23 0.0200 94.0000
0.49 23 0.0500 120.6000
0.5 23 0.0600 116.1667
0.51 23 0.0600 131.0000
0.52 23 0.0800 140.0000
0.53 23 0.1300 164.6154
0.54 23 0.2200 137.1364
0.55 23 0.3800 155.5263
0.56 23 0.4000 172.5250
0.57 23 0.5300 177.6792
0.58 23 0.5300 190.8491
0.59 23 0.6500 198.5692
0.6 23 0.6900 221.2029
0.61 23 0.8100 221.2593
0.62 23 0.9100 245.1538
0.63 23 0.9100 253.4176
0.64 23 0.9500 263.3158
0.65 23 0.9700 280.7938
0.66 23 0.9900 302.0404
0.67 23 0.9900 309.2727
0.68 23 1.0000 324.5700
0.69 23 1.0000 341.4400
0.7 23 1.0000 345.7300
0.71 23 1.0000 350.7600
0.72 23 1.0000 366.0300
0.73 23 1.0000 368.8200
0.74 23 1.0000 380.8800
0.75 23 1.0000 390.0300
0.76 23 1.0000 395.6400
0.77 23 1.0000 401.2800
0.78 23 1.0000 407.9900
0.79 23 1.0000 412.4400
0.8 23 1.0000 420.9000
0.81 23 1.0000 426.6000
0.82 23 1.0000 432.7400
0.83 23 1.0000 438.9800
0.84 23 1.0000 443.1500
0.85 23 1.0000 447.4000
0.86 23 1.0000 455.2900
0.87 23 1.0000 458.3500
0.88 23 1.0000 464.5200
0.89 23 1.0000 471.1000
0.9 23 1.0000 476.6600
