0.1 44 0.0000 0.0000
0.11 44 0.0000 0.0000
0.12 44 0.0000 0.0000
0.13 44 0.0000 0.0000
0.14 44 0.0000 0.0000
0.15 44 0.0000 0.0000
0.16 44 0.0000 0.0000
0.17 44 0.0000 0.0000
0.18 44 0.0000 0.0000
0.19 44 0.0000 0.0000
0.2 44 0.0000 0.0000
0.21 44 0.0000 0.0000
0.22 44 0.0000 0.0000
0.23 44 0.0000 0.0000
0.24 44 0.0000 0.0000
0.25 44 0.0000 0.0000
0.26 44 0.0000 0.0000
0.27 44 0.0000 0.0000
0.28 44 0.0000 0.0000
0.29 44 0.0000 0.0000
0.3 44 0.0000 0.0000
0.31 44 0.0000 0.0000
0.32 44 0.0000 0.0000
0.33 44 0.0000 0.0000
0.34 44 0.0000 0.0000
0.35 44 0.0000 0.0000
0.36 44 0.0000 0.0000
0.37 44 0.0000 0.0000
0.38 44 0.0000 0.0000
0.39 44 0.0000 0.0000
0.4 44 0.0000 0.0000
0.41 44 0.0000 0.0000
0.42 44 0.0000 0.0000
0.43 44 0.0000 0.0000
0.44 44 0.0000 0.0000
0.45 44 0.0000 0.0000
0.46 44 0.0000 0.0000
0.47 44 0.0000 0.0000
0.48 44 0.0000 0.0000
0.49 44 0.0000 0.0000
0.5 44 0.0100 312.0000
0.51 44 0.0200 274.5000
0.52 44 0.0200 284.0000
0.53 44 0.0600 428.1667
0.54 44 0.0500 401.4000
0.55 44 0.1300 435.4615
0.56 44 0.2700 469.7778
0.57 44 0.3600 503.5556
0.58 44 0.4500 563.2222
0.59 44 0.6900 680.6087
0.6 44 0.7700 749.2208
0.61 44 0.8300 758.9157
0.62 44 0.9100 858.2857
0.63 44 0.9500 945.1684
0.64 44 0.9800 1039.3061
0.65 44 0.9900 1087.4242
0.66 44 1.0000 1132.5100
0.67 44 1.0000 1190.2000
0.68 44 1.0000 1238.9100
0.69 44 1.0000 1276.3700
0.7 44 1.0000 1305.7800
0.71 44 1.0000 1333.6500
0.72 44 1.0000 1361.7200
0.73 44 1.0000 1386.3300
0.74 44 1.0000 1407.1900
0.75 44 1.0000 1431.9400
0.76 44 1.0000 1455.5300
0.77 44 1.0000 1480.1600
0.78 44 1.0000 1499.1200
0.79 44 1.0000 1522.2200
0.8 44 1.0000 1541.2700
0.81 44 1.0000 1558.8500
0.82 44 1.0000 1584.9700
0.83 44 1.0000 1604.2800
0.84 44 1.0000 1626.8100
0.85 44 1.0000 1642.7000
0.86 44 1.0000 1664.2900
0.87 44 1.0000 1684.8700
0.88 44 1.0000 1704.2800
0.89 44 1.0000 1721.4300
0.9 44 1.0000 1741.0100
