0.1 28 0.0000 0.0000
0.11 28 0.0000 0.0000
0.12 28 0.0000 0.0000
0.13 28 0.0000 0.0000
0.14 28 0.0000 0.0000
0.15 28 0.0000 0.0000
0.16 28 0.0000 0.0000
0.17 28 0.0000 0.0000
0.18 28 0.0000 0.0000
0.19 28 0.0000 0.0000
0.2 28 0.0000 0.0000
0.21 28 0.0000 0.0000
0.22 28 0.0000 0.0000
0.23 28 0.0000 0.0000
0.24 28 0.0000 0.0000
0.25 28 0.0000 0.0000
0.26 28 0.0000 0.0000
0.27 28 0.0000 0.0000
0.28 28 0.0000 0.0000
0.29 28 0.0000 0.0000
0.3 28 0.0000 0.0000
0.31 28 0.0000 0.0000
0.32 28 0.0000 0.0000
0.33 28 0.0000 0.0000
0.34 28 0.0000 0.0000
0.35 28 0.0000 0.0000
0.36 28 0.0000 0.0000
0.37 28 0.0000 0.0000
0.38 28 0.0000 0.0000
0.39 28 0.0000 0.0000
0.4 28 0.0000 0.0000
0.41 28 0.0000 0.0000
0.42 28 0.0000 0.0000
0.43 28 0.0000 0.0000
0.44 28 0.0000 0.0000
0.45 28 0.0000 0.0000
0.46 28 0.0000 0.0000
0.47 28 0.0000 0.0000
0.48 28 0.0000 0.0000
0.49 28 0.0200 191.5000
0.5 28 0.0300 155.0000
0.51 28 0.0400 222.0000
0.52 28 0.0900 179.7778
0.53 28 0.0900 167.4444
0.54 28 0.1900 207.8421
0.55 28 0.2700 230.0000
0.56 28 0.3000 231.9333
0.57 28 0.5600 266.3571
0.58 28 0.5100 281.8627
0.59 28 0.6600 296.3182
0.6 28 0.6600 299.2576
0.61 28 0.8500 318.5176
0.62 28 0.8600 348.9767
0.63 28 0.9500 380.1368
0.64 28 0.9600 399.3958
0.65 28 0.9400 421.1064
0.66 28 0.9800 437.0408
0.67 28 0.9900 473.9697
0.68 28 1.0000 476.1000
0.69 28 1.0000 506.0100
0.7 28 1.0000 514.0800
0.71 28 1.0000 527.5800
0.72 28 1.0000 544.8200
0.73 28 1.0000 558.9400
0.74 28 1.0000 570.4500
0.75 28 1.0000 581.4000
0.76 28 1.0000 586.3500
0.77 28 1.0000 596.0300
0.78 28 1.0000 607.2000
0.79 28 1.0000 615.2600
0.8 28 1.0000 622.1300
0.81 28 1.0000 631.2200
0.82 28 1.0000 641.5900
0.83 28 1.0000 646.6000
0.84 28 1.0000 656.8200
0.85 28 1.0000 663.2100
0.86 28 1.0000 673.5600
0.87 28 1.0000 679.8600
0.88 28 1.0000 689.4800
0.89 28 1.0000 697.3900
0.9 28 1.0000 706.7000
