0.1 17 0.0000 0.0000
0.11 17 0.0000 0.0000
0.12 17 0.0000 0.0000
0.13 17 0.0000 0.0000
0.14 17 0.0000 0.0000
0.15 17 0.0000 0.0000
0.16 17 0.0000 0.0000
0.17 17 0.0000 0.0000
0.18 17 0.0000 0.0000
0.19 17 0.0000 0.0000
0.2 17 0.0000 0.0000
0.21 17 0.0000 0.0000
0.22 17 0.0000 0.0000
0.23 17 0.0000 0.0000
0.24 17 0.0000 0.0000
0.25 17 0.0000 0.0000
0.26 17 0.0000 0.0000
0.27 17 0.0000 0.0000
0.28 17 0.0000 0.0000
0.29 17 0.0000 0.0000
0.3 17 0.0000 0.0000
0.31 17 0.0000 0.0000
0.32 17 0.0000 0.0000
0.33 17 0.0000 0.0000
0.34 17 0.0000 0.0000
0.35 17 0.0000 0.0000
0.36 17 0.0000 0.0000
0.37 17 0.0000 0.0000
0.38 17 0.0100 32.0000
0.39 17 0.0000 0.0000
0.4 17 0.0000 0.0000
0.41 17 0.0000 0.0000
0.42 17 0.0100 62.0000
0.43 17 0.0000 0.0000
0.44 17 0.0100 51.0000
0.45 17 0.0000 0.0000
0.46 17 0.0200 85.5000
0.47 17 0.0100 80.0000
0.48 17 0.1200 73.5000
0.49 17 0.1600 70.5625
0.5 17 0.1400 86.3571
0.51 17 0.1900 85.5789
0.52 17 0.2000 85.2500
0.53 17 0.2100 87.8095
0.54 17 0.3300 96.5152
0.55 17 0.3200 99.1562
0.56 17 0.4500 99.2444
0.57 17 0.5300 108.4906
0.58 17 0.6500 116.4923
0.59 17 0.8000 116.3750
0.6 17 0.6800 121.8529
0.61 17 0.8000 129.2000
0.62 17 0.8000 132.1875
0.63 17 0.9400 137.9681
0.64 17 0.9500 146.3158
0.65 17 0.9400 156.9362
0.66 17 0.9500 162.8105
0.67 17 0.9700 174.0309
0.68 17 0.9800 175.6939
0.69 17 1.0000 177.3500
0.7 17 0.9900 185.6970
0.71 17 1.0000 191.9200
0.72 17 1.0000 198.7200
0.73 17 1.0000 203.6900
0.74 17 1.0000 206.9700
0.75 17 1.0000 208.2700
0.76 17 1.0000 215.2800
0.77 17 1.0000 216.2400
0.78 17 1.0000 222.9100
0.79 17 1.0000 224.4100
0.8 17 1.0000 227.7900
0.81 17 1.0000 232.9200
0.82 17 1.0000 235.7700
0.83 17 1.0000 237.6400
0.84 17 1.0000 242.6900
0.85 17 1.0000 244.0700
0.86 17 1.0000 248.4900
0.87 17 1.0000 250.5800
0.88 17 1.0000 254.8200
0.89 17 1.0000 257.7500
0.9 17 1.0000 259.9700
