0.1 64 0.0000 0.0000
0.11 64 0.0000 0.0000
0.12 64 0.0000 0.0000
0.13 64 0.0000 0.0000
0.14 64 0.0000 0.0000
0.15 64 0.0000 0.0000
0.16 64 0.0000 0.0000
0.17 64 0.0000 0.0000
0.18 64 0.0000 0.0000
0.19 64 0.0000 0.0000
0.2 64 0.0000 0.0000
0.21 64 0.0000 0.0000
0.22 64 0.0000 0.0000
0.23 64 0.0000 0.0000
0.24 64 0.0000 0.0000
0.25 64 0.0000 0.0000
0.26 64 0.0000 0.0000
0.27 64 0.0000 0.0000
0.28 64 0.0000 0.0000
0.29 64 0.0000 0.0000
0.3 64 0.0000 0.0000
0.31 64 0.0000 0.0000
0.32 64 0.0000 0.0000
0.33 64 0.0000 0.0000
0.34 64 0.0000 0.0000
0.35 64 0.0000 0.0000
0.36 64 0.0000 0.0000
0.37 64 0.0000 0.0000
0.38 64 0.0000 0.0000
0.39 64 0.0000 0.0000
0.4 64 0.0000 0.0000
0.41 64 0.0000 0.0000
0.42 64 0.0000 0.0000
0.43 64 0.0000 0.0000
0.44 64 0.0000 0.0000
0.45 64 0.0000 0.0000
0.46 64 0.0000 0.0000
0.47 64 0.0000 0.0000
0.48 64 0.0000 0.0000
0.49 64 0.0000 0.0000
0.5 64 0.0000 0.0000
0.51 64 0.0100 693.0000
0.52 64 0.0100 610.0000
0.53 64 0.0200 667.5000
0.54 64 0.0500 643.6000
0.55 64 0.0500 1137.8000
0.56 64 0.1900 808.6316
0.57 64 0.2600 1086.3462
0.58 64 0.4300 1115.5814
0.59 64 0.7100 1367.1268
0.6 64 0.8400 1453.7143
0.61 64 0.8800 1673.2614
0.62 64 0.9800 1868.9388
0.63 64 0.9900 2080.1515
0.64 64 1.0000 2264.7700
0.65 64 1.0000 2391.4300
0.66 64 1.0000 2510.3700
0.67 64 1.0000 2584.6800
0.68 64 1.0000 2655.7300
0.69 64 1.0000 2726.9400
0.7 64 1.0000 2777.5800
0.71 64 1.0000 2841.1900
0.72 64 1.0000 2889.5400
0.73 64 1.0000 2939.4900
0.74 64 1.0000 2998.6500
0.75 64 1.0000 3043.0300
0.76 64 1.0000 3088.5300
0.77 64 1.0000 3128.2300
0.78 64 1.0000 3183.2500
0.79 64 1.0000 3226.0800
0.8 64 1.0000 3263.0000
0.81 64 1.0000 3307.5200
0.82 64 1.0000 3351.3800
0.83 64 1.0000 3396.2700
0.84 64 1.0000 3433.9500
0.85 64 1.0000 3480.4800
0.86 64 1.0000 3520.9000
0.87 64 1.0000 3565.6200
0.88 64 1.0000 3607.5500
0.89 64 1.0000 3644.1200
0.9 64 1.0000 3685.0200
