0.1 40 0.0000 0.0000
0.11 40 0.0000 0.0000
0.12 40 0.0000 0.0000
0.13 40 0.0000 0.0000
0.14 40 0.0000 0.0000
0.15 40 0.0000 0.0000
0.16 40 0.0000 0.0000
0.17 40 0.0000 0.0000
0.18 40 0.0000 0.0000
0.19 40 0.0000 0.0000
0.2 40 0.0000 0.0000
0.21 40 0.0000 0.0000
0.22 40 0.0000 0.0000
0.23 40 0.0000 0.0000
0.24 40 0.0000 0.0000
0.25 40 0.0000 0.0000
0.26 40 0.0000 0.0000
0.27 40 0.0000 0.0000
0.28 40 0.0000 0.0000
0.29 40 0.0000 0.0000
0.3 40 0.0000 0.0000
0.31 40 0.0000 0.0000
0.32 40 0.0000 0.0000
0.33 40 0.0000 0.0000
0.34 40 0.0000 0.0000
0.35 40 0.0000 0.0000
0.36 40 0.0000 0.0000
0.37 40 0.0000 0.0000
0.38 40 0.0000 0.0000
0.39 40 0.0000 0.0000
0.4 40 0.0000 0.0000
0.41 40 0.0000 0.0000
0.42 40 0.0000 0.0000
0.43 40 0.0000 0.0000
0.44 40 0.0000 0.0000
0.45 40 0.0000 0.0000
0.46 40 0.0000 0.0000
0.47 40 0.0000 0.0000
0.48 40 0.0000 0.0000
0.49 40 0.0000 0.0000
0.5 40 0.0000 0.0000
0.51 40 0.0200 236.5000
0.52 40 0.0100 206.0000
0.53 40 0.0800 374.8750
0.54 40 0.1000 380.9000
0.55 40 0.2200 410.3182
0.56 40 0.2400 427.1250
0.57 40 0.3600 444.9167
0.58 40 0.5200 485.4423
0.59 40 0.6800 578.3824
0.6 40 0.8300 633.4458
0.61 40 0.8800 645.3523
0.62 40 0.9100 701.7692
0.63 40 0.9600 808.7292
0.64 40 0.9900 851.5354
0.65 40 1.0000 903.2100
0.66 40 1.0000 940.2000
0.67 40 1.0000 993.8100
0.68 40 1.0000 1017.8600
0.69 40 1.0000 1052.4300
0.7 40 1.0000 1073.3100
0.71 40 1.0000 1101.1900
0.72 40 1.0000 1123.3000
0.73 40 1.0000 1147.1300
0.74 40 1.0000 1165.6200
0.75 40 1.0000 1183.5700
0.76 40 1.0000 1204.7500
0.77 40 1.0000 1223.0000
0.78 40 1.0000 1239.7400
0.79 40 1.0000 1257.8900
0.8 40 1.0000 1275.6100
0.81 40 1.0000 1292.0700
0.82 40 1.0000 1309.8200
0.83 40 1.0000 1324.3400
0.84 40 1.0000 1344.0800
0.85 40 1.0000 1359.8000
0.86 40 1.0000 1375.8400
0.87 40 1.0000 1392.4600
0.88 40 1.0000 1407.4700
0.89 40 1.0000 1422.4900
0.9 40 1.0000 1439.0900
