0.1 19 0.0000 0.0000
0.11 19 0.0000 0.0000
0.12 19 0.0000 0.0000
0.13 19 0.0000 0.0000
0.14 19 0.0000 0.0000
0.15 19 0.0000 0.0000
0.16 19 0.0000 0.0000
0.17 19 0.0000 0.0000
0.18 19 0.0000 0.0000
0.19 19 0.0000 0.0000
0.2 19 0.0000 0.0000
0.21 19 0.0000 0.0000
0.22 19 0.0000 0.0000
0.23 19 0.0000 0.0000
0.24 19 0.0000 0.0000
0.25 19 0.0000 0.0000
0.26 19 0.0000 0.0000
0.27 19 0.0000 0.0000
0.28 19 0.0000 0.0000
0.29 19 0.0000 0.0000
0.3 19 0.0000 0.0000
0.31 19 0.0000 0.0000
0.32 19 0.0000 0.0000
0.33 19 0.0000 0.0000
0.34 19 0.0000 0.0000
0.35 19 0.0000 0.0000
0.36 19 0.0000 0.0000
0.37 19 0.0000 0.0000
0.38 19 0.0000 0.0000
0.39 19 0.0000 0.0000
0.4 19 0.0000 0.0000
0.41 19 0.0000 0.0000
0.42 19 0.0000 0.0000
0.43 19 0.0100 89.0000
0.44 19 0.0000 0.0000
0.45 19 0.0100 78.0000
0.46 19 0.0000 0.0000
0.47 19 0.0100 73.0000
0.48 19 0.0600 95.6667
0.49 19 0.0600 94.1667
0.5 19 0.0700 94.0000
0.51 19 0.1600 99.8750
0.52 19 0.2100 99.2381
0.53 19 0.2300 116.1739
0.54 19 0.2800 106.7857
0.55 19 0.4400 112.4318
0.56 19 0.4700 119.2340
0.57 19 0.5900 130.2712
0.58 19 0.6500 130.9692
0.59 19 0.6800 143.9706
0.6 19 0.7400 156.7297
0.61 19 0.7900 164.5949
0.62 19 0.8800 166.3864
0.63 19 0.9100 176.2747
0.64 19 0.9300 178.5161
0.65 19 0.9700 194.2577
0.66 19 0.9700 194.4227
0.67 19 0.9800 200.6531
0.68 19 0.9900 223.8182
0.69 19 0.9900 227.7273
0.7 19 1.0000 236.4200
0.71 19 1.0000 238.5800
0.72 19 1.0000 247.2200
0.73 19 1.0000 254.9200
0.74 19 1.0000 258.3400
0.75 19 1.0000 260.9100
0.76 19 0.9900 269.6566
0.77 19 1.0000 273.4400
0.78 19 1.0000 276.1200
0.79 19 1.0000 279.4800
0.8 19 1.0000 286.3900
0.81 19 1.0000 289.2000
0.82 19 1.0000 295.5500
0.83 19 1.0000 298.9900
0.84 19 1.0000 301.2700
0.85 19 1.0000 304.5300
0.86 19 1.0000 311.1400
0.87 19 1.0000 313.4300
0.88 19 1.0000 316.2200
0.89 19 1.0000 320.7400
0.9 19 1.0000 324.1100
