0.1 33 0.0000 0.0000
0.11 33 0.0000 0.0000
0.12 33 0.0000 0.0000
0.13 33 0.0000 0.0000
0.14 33 0.0000 0.0000
0.15 33 0.0000 0.0000
0.16 33 0.0000 0.0000
0.17 33 0.0000 0.0000
0.18 33 0.0000 0.0000
0.19 33 0.0000 0.0000
0.2 33 0.0000 0.0000
0.21 33 0.0000 0.0000
0.22 33 0.0000 0.0000
0.23 33 0.0000 0.0000
0.24 33 0.0000 0.0000
0.25 33 0.0000 0.0000
0.26 33 0.0000 0.0000
0.27 33 0.0000 0.0000
0.28 33 0.0000 0.0000
0.29 33 0.0000 0.0000
0.3 33 0.0000 0.0000
0.31 33 0.0000 0.0000
0.32 33 0.0000 0.0000
0.33 33 0.0000 0.0000
0.34 33 0.0000 0.0000
0.35 33 0.0000 0.0000
0.36 33 0.0000 0.0000
0.37 33 0.0000 0.0000
0.38 33 0.0000 0.0000
0.39 33 0.0000 0.0000
0.4 33 0.0000 0.0000
0.41 33 0.0000 0.0000
0.42 33 0.0000 0.0000
0.43 33 0.0000 0.0000
0.44 33 0.0000 0.0000
0.45 33 0.0000 0.0000
0.46 33 0.0000 0.0000
0.47 33 0.0000 0.0000
0.48 33 0.0000 0.0000
0.49 33 0.0100 217.0000
0.5 33 0.0200 167.5000
0.51 33 0.0600 216.8333
0.52 33 0.0600 259.1667
0.53 33 0.0700 235.2857
0.54 33 0.1500 267.9333
0.55 33 0.1900 292.0000
0.56 33 0.3700 309.7297
0.57 33 0.4100 327.3415
0.58 33 0.5300 336.7736
0.59 33 0.6000 373.2667
0.6 33 0.7300 433.4795
0.61 33 0.8400 443.9762
0.62 33 0.8900 483.6404
0.63 33 0.9800 503.1020
0.64 33 0.9700 547.3918
0.65 33 0.9900 601.9293
0.66 33 1.0000 633.6600
0.67 33 1.0000 641.7300
0.68 33 1.0000 688.4300
0.69 33 1.0000 708.2600
0.7 33 1.0000 729.8500
0.71 33 1.0000 743.7300
0.72 33 1.0000 759.7600
0.73 33 1.0000 781.4400
0.74 33 1.0000 792.1300
0.75 33 1.0000 804.6600
0.76 33 1.0000 820.3300
0.77 33 1.0000 830.0100
0.78 33 1.0000 842.9700
0.79 33 1.0000 852.7600
0.8 33 1.0000 866.9100
0.81 33 1.0000 879.1400
0.82 33 1.0000 888.1800
0.83 33 1.0000 902.6000
0.84 33 1.0000 911.6000
0.85 33 1.0000 923.3900
0.86 33 1.0000 937.5900
0.87 33 1.0000 946.1600
0.88 33 1.0000 956.9800
0.89 33 1.0000 968.6900
0.9 33 1.0000 979.1200
