0.1 82 0.0000 0.0000
0.11 82 0.0000 0.0000
0.12 82 0.0000 0.0000
0.13 82 0.0000 0.0000
0.14 82 0.0000 0.0000
0.15 82 0.0000 0.0000
0.16 82 0.0000 0.0000
0.17 82 0.0000 0.0000
0.18 82 0.0000 0.0000
0.19 82 0.0000 0.0000
0.2 82 0.0000 0.0000
0.21 82 0.0000 0.0000
0.22 82 0.0000 0.0000
0.23 82 0.0000 0.0000
0.24 82 0.0000 0.0000
0.25 82 0.0000 0.0000
0.26 82 0.0000 0.0000
0.27 82 0.0000 0.0000
0.28 82 0.0000 0.0000
0.29 82 0.0000 0.0000
0.3 82 0.0000 0.0000
0.31 82 0.0000 0.0000
0.32 82 0.0000 0.0000
0.33 82 0.0000 0.0000
0.34 82 0.0000 0.0000
0.35 82 0.0000 0.0000
0.36 82 0.0000 0.0000
0.37 82 0.0000 0.0000
0.38 82 0.0000 0.0000
0.39 82 0.0000 0.0000
0.4 82 0.0000 0.0000
0.41 82 0.0000 0.0000
0.42 82 0.0000 0.0000
0.43 82 0.0000 0.0000
0.44 82 0.0000 0.0000
0.45 82 0.0000 0.0000
0.46 82 0.0000 0.0000
0.47 82 0.0000 0.0000
0.48 82 0.0000 0.0000
0.49 82 0.0000 0.0000
0.5 82 0.0000 0.0000
0.51 82 0.0000 0.0000
0.52 82 0.0000 0.0000
0.53 82 0.0200 1104.5000
0.54 82 0.0100 690.0000
0.55 82 0.0400 1140.5000
0.56 82 0.0700 1432.8571
0.57 82 0.2500 1508.3200
0.58 82 0.4900 1895.6531
0.59 82 0.6000 1935.5167
0.6 82 0.8100 2446.5432
0.61 82 0.9700 2823.5155
0.62 82 0.9800 3239.9286
0.63 82 1.0000 3496.8100
0.64 82 1.0000 3743.2500
0.65 82 1.0000 3955.8400
0.66 82 1.0000 4165.9200
0.67 82 1.0000 4264.8000
0.68 82 1.0000 4383.9900
0.69 82 1.0000 4504.3800
0.7 82 1.0000 4585.0800
0.71 82 1.0000 4686.1900
0.72 82 1.0000 4766.4800
0.73 82 1.0000 4841.0700
0.74 82 1.0000 4930.8000
0.75 82 1.0000 5000.9100
0.76 82 1.0000 5069.0400
0.77 82 1.0000 5153.2500
0.78 82 1.0000 5216.8200
0.79 82 1.0000 5280.9100
0.8 82 1.0000 5363.7100
0.81 82 1.0000 5438.1600
0.82 82 1.0000 5502.5500
0.83 82 1.0000 5574.7200
0.84 82 1.0000 5644.3600
0.85 82 1.0000 5712.9700
0.86 82 1.0000 5774.1000
0.87 82 1.0000 5848.0800
0.88 82 1.0000 5909.6000
0.89 82 1.0000 5984.1100
0.9 82 1.0000 6053.1100
