0.1 83 0.0000 0.0000
0.11 83 0.0000 0.0000
0.12 83 0.0000 0.0000
0.13 83 0.0000 0.0000
0.14 83 0.0000 0.0000
0.15 83 0.0000 0.0000
0.16 83 0.0000 0.0000
0.17 83 0.0000 0.0000
0.18 83 0.0000 0.0000
0.19 83 0.0000 0.0000
0.2 83 0.0000 0.0000
0.21 83 0.0000 0.0000
0.22 83 0.0000 0.0000
0.23 83 0.0000 0.0000
0.24 83 0.0000 0.0000
0.25 83 0.0000 0.0000
0.26 83 0.0000 0.0000
0.27 83 0.0000 0.0000
0.28 83 0.0000 0.0000
0.29 83 0.0000 0.0000
0.3 83 0.0000 0.0000
0.31 83 0.0000 0.0000
0.32 83 0.0000 0.0000
0.33 83 0.0000 0.0000
0.34 83 0.0000 0.0000
0.35 83 0.0000 0.0000
0.36 83 0.0000 0.0000
0.37 83 0.0000 0.0000
0.38 83 0.0000 0.0000
0.39 83 0.0000 0.0000
0.4 83 0.0000 0.0000
0.41 83 0.0000 0.0000
0.42 83 0.0000 0.0000
0.43 83 0.0000 0.0000
0.44 83 0.0000 0.0000
0.45 83 0.0000 0.0000
0.46 83 0.0000 0.0000
0.47 83 0.0000 0.0000
0.48 83 0.0000 0.0000
0.49 83 0.0000 0.0000
0.5 83 0.0000 0.0000
0.51 83 0.0000 0.0000
0.52 83 0.0000 0.0000
0.53 83 0.0000 0.0000
0.54 83 0.0000 0.0000
0.55 83 0.0400 1276.2500
0.56 83 0.1300 1155.6154
0.57 83 0.2400 1753.7083
0.58 83 0.4300 1840.9302
0.59 83 0.6500 2157.4462
0.6 83 0.8100 2521.1728
0.61 83 0.9500 2793.4211
0.62 83 0.9900 3287.0606
0.63 83 1.0000 3575.3700
0.64 83 1.0000 3896.7000
0.65 83 1.0000 4072.6000
0.66 83 1.0000 4251.1700
0.67 83 1.0000 4364.1800
0.68 83 1.0000 4477.8100
0.69 83 1.0000 4575.8900
0.7 83 1.0000 4703.6300
0.71 83 1.0000 4789.6800
0.72 83 1.0000 4879.8100
0.73 83 1.0000 4959.6500
0.74 83 1.0000 5039.4700
0.75 83 1.0000 5121.4500
0.76 83 1.0000 5192.5400
0.77 83 1.0000 5273.4700
0.78 83 1.0000 5341.8600
0.79 83 1.0000 5418.7600
0.8 83 1.0000 5494.7200
0.81 83 1.0000 5566.1800
0.82 83 1.0000 5633.8100
0.83 83 1.0000 5707.6200
0.84 83 1.0000 5778.2500
0.85 83 1.0000 5854.0200
0.86 83 1.0000 5920.2700
0.87 83 1.0000 5988.8600
0.88 83 1.0000 6060.7400
0.89 83 1.0000 6126.5500
0.9 83 1.0000 6205.0500
