0.1 32 0.0000 0.0000
0.11 32 0.0000 0.0000
0.12 32 0.0000 0.0000
0.13 32 0.0000 0.0000
0.14 32 0.0000 0.0000
0.15 32 0.0000 0.0000
0.16 32 0.0000 0.0000
0.17 32 0.0000 0.0000
0.18 32 0.0000 0.0000
0.19 32 0.0000 0.0000
0.2 32 0.0000 0.0000
0.21 32 0.0000 0.0000
0.22 32 0.0000 0.0000
0.23 32 0.0000 0.0000
0.24 32 0.0000 0.0000
0.25 32 0.0000 0.0000
0.26 32 0.0000 0.0000
0.27 32 0.0000 0.0000
0.28 32 0.0000 0.0000
0.29 32 0.0000 0.0000
0.3 32 0.0000 0.0000
0.31 32 0.0000 0.0000
0.32 32 0.0000 0.0000
0.33 32 0.0000 0.0000
0.34 32 0.0000 0.0000
0.35 32 0.0000 0.0000
0.36 32 0.0000 0.0000
0.37 32 0.0000 0.0000
0.38 32 0.0000 0.0000
0.39 32 0.0000 0.0000
0.4 32 0.0000 0.0000
0.41 32 0.0000 0.0000
0.42 32 0.0000 0.0000
0.43 32 0.0000 0.0000
0.44 32 0.0000 0.0000
0.45 32 0.0000 0.0000
0.46 32 0.0000 0.0000
0.47 32 0.0000 0.0000
0.48 32 0.0100 132.0000
0.49 32 0.0000 0.0000
0.5 32 0.0100 211.0000
0.51 32 0.0200 287.5000
0.52 32 0.0800 241.0000
0.53 32 0.1200 266.3333
0.54 32 0.2200 259.6818
0.55 32 0.2300 286.0435
0.56 32 0.3100 307.7742
0.57 32 0.4400 311.9545
0.58 32 0.5500 343.0727
0.59 32 0.6700 375.3134
0.6 32 0.7300 409.9178
0.61 32 0.7900 434.8354
0.62 32 0.9100 469.9121
0.63 32 0.9700 493.8969
0.64 32 1.0000 539.0700
0.65 32 0.9700 571.6186
0.66 32 0.9800 594.8878
0.67 32 1.0000 620.4700
0.68 32 1.0000 640.9400
0.69 32 1.0000 671.0300
0.7 32 1.0000 687.3400
0.71 32 1.0000 700.1600
0.72 32 1.0000 716.1500
0.73 32 1.0000 729.1700
0.74 32 1.0000 745.4400
0.75 32 1.0000 757.7900
0.76 32 1.0000 769.6300
0.77 32 1.0000 783.3700
0.78 32 1.0000 792.9800
0.79 32 1.0000 800.6100
0.8 32 1.0000 813.3500
0.81 32 1.0000 826.0500
0.82 32 1.0000 838.3000
0.83 32 1.0000 846.3000
0.84 32 1.0000 859.0300
0.85 32 1.0000 867.2000
0.86 32 1.0000 880.1600
0.87 32 1.0000 890.4600
0.88 32 1.0000 899.1800
0.89 32 1.0000 911.5200
0.9 32 1.0000 921.3300
