0.1 75 0.0000 0.0000
0.11 75 0.0000 0.0000
0.12 75 0.0000 0.0000
0.13 75 0.0000 0.0000
0.14 75 0.0000 0.0000
0.15 75 0.0000 0.0000
0.16 75 0.0000 0.0000
0.17 75 0.0000 0.0000
0.18 75 0.0000 0.0000
0.19 75 0.0000 0.0000
0.2 75 0.0000 0.0000
0.21 75 0.0000 0.0000
0.22 75 0.0000 0.0000
0.23 75 0.0000 0.0000
0.24 75 0.0000 0.0000
0.25 75 0.0000 0.0000
0.26 75 0.0000 0.0000
0.27 75 0.0000 0.0000
0.28 75 0.0000 0.0000
0.29 75 0.0000 0.0000
0.3 75 0.0000 0.0000
0.31 75 0.0000 0.0000
0.32 75 0.0000 0.0000
0.33 75 0.0000 0.0000
0.34 75 0.0000 0.0000
0.35 75 0.0000 0.0000
0.36 75 0.0000 0.0000
0.37 75 0.0000 0.0000
0.38 75 0.0000 0.0000
0.39 75 0.0000 0.0000
0.4 75 0.0000 0.0000
0.41 75 0.0000 0.0000
0.42 75 0.0000 0.0000
0.43 75 0.0000 0.0000
0.44 75 0.0000 0.0000
0.45 75 0.0000 0.0000
0.46 75 0.0000 0.0000
0.47 75 0.0000 0.0000
0.48 75 0.0000 0.0000
0.49 75 0.0000 0.0000
0.5 75 0.0000 0.0000
0.51 75 0.0000 0.0000
0.52 75 0.0000 0.0000
0.53 75 0.0100 845.0000
0.54 75 0.0000 0.0000
0.55 75 0.0800 1003.0000
0.56 75 0.0900 1093.7778
0.57 75 0.2200 1309.5000
0.58 75 0.3500 1703.0286
0.59 75 0.5800 1798.7414
0.6 75 0.7500 2071.3733
0.61 75 0.9400 2296.3191
0.62 75 1.0000 2685.0400
0.63 75 1.0000 2934.0300
0.64 75 1.0000 3090.2200
0.65 75 1.0000 3302.0400
0.66 75 1.0000 3448.5700
0.67 75 1.0000 3577.3100
0.68 75 1.0000 3665.3200
0.69 75 1.0000 3747.0000
0.7 75 1.0000 3829.9700
0.71 75 1.0000 3911.8700
0.72 75 1.0000 3975.3200
0.73 75 1.0000 4051.4900
0.74 75 1.0000 4110.6900
0.75 75 1.0000 4176.8300
0.76 75 1.0000 4250.6200
0.77 75 1.0000 4309.2100
0.78 75 1.0000 4366.5100
0.79 75 1.0000 4425.3900
0.8 75 1.0000 4487.8800
0.81 75 1.0000 4541.2400
0.82 75 1.0000 4601.7100
0.83 75 1.0000 4664.2900
0.84 75 1.0000 4719.6800
0.85 75 1.0000 4779.3400
0.86 75 1.0000 4832.4000
0.87 75 1.0000 4888.7800
0.88 75 1.0000 4952.6400
0.89 75 1.0000 5005.2200
0.9 75 1.0000 5062.1100
