0.1 65 0.0000 0.0000
0.11 65 0.0000 0.0000
0.12 65 0.0000 0.0000
0.13 65 0.0000 0.0000
0.14 65 0.0000 0.0000
0.15 65 0.0000 0.0000
0.16 65 0.0000 0.0000
0.17 65 0.0000 0.0000
0.18 65 0.0000 0.0000
0.19 65 0.0000 0.0000
0.2 65 0.0000 0.0000
0.21 65 0.0000 0.0000
0.22 65 0.0000 0.0000
0.23 65 0.0000 0.0000
0.24 65 0.0000 0.0000
0.25 65 0.0000 0.0000
0.26 65 0.0000 0.0000
0.27 65 0.0000 0.0000
0.28 65 0.0000 0.0000
0.29 65 0.0000 0.0000
0.3 65 0.0000 0.0000
0.31 65 0.0000 0.0000
0.32 65 0.0000 0.0000
0.33 65 0.0000 0.0000
0.34 65 0.0000 0.0000
0.35 65 0.0000 0.0000
0.36 65 0.0000 0.0000
0.37 65 0.0000 0.0000
0.38 65 0.0000 0.0000
0.39 65 0.0000 0.0000
0.4 65 0.0000 0.0000
0.41 65 0.0000 0.0000
0.42 65 0.0000 0.0000
0.43 65 0.0000 0.0000
0.44 65 0.0000 0.0000
0.45 65 0.0000 0.0000
0.46 65 0.0000 0.0000
0.47 65 0.0000 0.0000
0.48 65 0.0000 0.0000
0.49 65 0.0000 0.0000
0.5 65 0.0000 0.0000
0.51 65 0.0000 0.0000
0.52 65 0.0000 0.0000
0.53 65 0.0000 0.0000
0.54 65 0.0400 759.5000
0.55 65 0.0800 901.1250
0.56 65 0.1500 983.4000
0.57 65 0.2800 1033.0714
0.58 65 0.4600 1160.6522
0.59 65 0.5200 1355.7500
0.6 65 0.7400 1556.2973
0.61 65 0.9500 1720.3474
0.62 65 0.9700 1940.4845
0.63 65 0.9900 2153.5657
0.64 65 0.9800 2350.5102
0.65 65 1.0000 2464.6600
0.66 65 1.0000 2566.5000
0.67 65 1.0000 2667.2600
0.68 65 1.0000 2729.1700
0.69 65 1.0000 2799.7500
0.7 65 1.0000 2865.2800
0.71 65 1.0000 2924.4100
0.72 65 1.0000 2984.8900
0.73 65 1.0000 3038.4800
0.74 65 1.0000 3092.0800
0.75 65 1.0000 3135.4900
0.76 65 1.0000 3184.0100
0.77 65 1.0000 3232.6500
0.78 65 1.0000 3282.3900
0.79 65 1.0000 3317.0200
0.8 65 1.0000 3366.8200
0.81 65 1.0000 3409.9500
0.82 65 1.0000 3457.7000
0.83 65 1.0000 3500.6200
0.84 65 1.0000 3543.6300
0.85 65 1.0000 3584.8800
0.86 65 1.0000 3633.8200
0.87 65 1.0000 3677.3800
0.88 65 1.0000 3716.2400
0.89 65 1.0000 3756.8100
0.9 65 1.0000 3801.0600
