0.1 87 0.0000 0.0000
0.11 87 0.0000 0.0000
0.12 87 0.0000 0.0000
0.13 87 0.0000 0.0000
0.14 87 0.0000 0.0000
0.15 87 0.0000 0.0000
0.16 87 0.0000 0.0000
0.17 87 0.0000 0.0000
0.18 87 0.0000 0.0000
0.19 87 0.0000 0.0000
0.2 87 0.0000 0.0000
0.21 87 0.0000 0.0000
0.22 87 0.0000 0.0000
0.23 87 0.0000 0.0000
0.24 87 0.0000 0.0000
0.25 87 0.0000 0.0000
0.26 87 0.0000 0.0000
0.27 87 0.0000 0.0000
0.28 87 0.0000 0.0000
0.29 87 0.0000 0.0000
0.3 87 0.0000 0.0000
0.31 87 0.0000 0.0000
0.32 87 0.0000 0.0000
0.33 87 0.0000 0.0000
0.34 87 0.0000 0.0000
0.35 87 0.0000 0.0000
0.36 87 0.0000 0.0000
0.37 87 0.0000 0.0000
0.38 87 0.0000 0.0000
0.39 87 0.0000 0.0000
0.4 87 0.0000 0.0000
0.41 87 0.0000 0.0000
0.42 87 0.0000 0.0000
0.43 87 0.0000 0.0000
0.44 87 0.0000 0.0000
0.45 87 0.0000 0.0000
0.46 87 0.0000 0.0000
0.47 87 0.0000 0.0000
0.48 87 0.0000 0.0000
0.49 87 0.0000 0.0000
0.5 87 0.0000 0.0000
0.51 87 0.0000 0.0000
0.52 87 0.0000 0.0000
0.53 87 0.0000 0.0000
0.54 87 0.0300 1121.3333
0.55 87 0.0200 1369.5000
0.56 87 0.1200 1618.5000
0.57 87 0.1300 1967.0000
0.58 87 0.3800 1928.6053
0.59 87 0.6100 2330.8525
0.6 87 0.8500 2722.9647
0.61 87 0.9500 3067.2316
0.62 87 0.9900 3608.5657
0.63 87 1.0000 3979.9100
0.64 87 1.0000 4282.1300
0.65 87 1.0000 4501.9600
0.66 87 1.0000 4665.0200
0.67 87 1.0000 4799.0900
0.68 87 1.0000 4941.1900
0.69 87 1.0000 5065.3200
0.7 87 1.0000 5167.4600
0.71 87 1.0000 5258.6600
0.72 87 1.0000 5365.4300
0.73 87 1.0000 5449.6200
0.74 87 1.0000 5536.4000
0.75 87 1.0000 5621.6200
0.76 87 1.0000 5708.7400
0.77 87 1.0000 5797.8300
0.78 87 1.0000 5875.3100
0.79 87 1.0000 5956.3100
0.8 87 1.0000 6034.8300
0.81 87 1.0000 6116.8500
0.82 87 1.0000 6199.0200
0.83 87 1.0000 6274.1000
0.84 87 1.0000 6352.3300
0.85 87 1.0000 6426.4500
0.86 87 1.0000 6504.0300
0.87 87 1.0000 6581.8400
0.88 87 1.0000 6658.6100
0.89 87 1.0000 6736.2300
0.9 87 1.0000 6810.2400
