0.1 72 0.0000 0.0000
0.11 72 0.0000 0.0000
0.12 72 0.0000 0.0000
0.13 72 0.0000 0.0000
0.14 72 0.0000 0.0000
0.15 72 0.0000 0.0000
0.16 72 0.0000 0.0000
0.17 72 0.0000 0.0000
0.18 72 0.0000 0.0000
0.19 72 0.0000 0.0000
0.2 72 0.0000 0.0000
0.21 72 0.0000 0.0000
0.22 72 0.0000 0.0000
0.23 72 0.0000 0.0000
0.24 72 0.0000 0.0000
0.25 72 0.0000 0.0000
0.26 72 0.0000 0.0000
0.27 72 0.0000 0.0000
0.28 72 0.0000 0.0000
0.29 72 0.0000 0.0000
0.3 72 0.0000 0.0000
0.31 72 0.0000 0.0000
0.32 72 0.0000 0.0000
0.33 72 0.0000 0.0000
0.34 72 0.0000 0.0000
0.35 72 0.0000 0.0000
0.36 72 0.0000 0.0000
0.37 72 0.0000 0.0000
0.38 72 0.0000 0.0000
0.39 72 0.0000 0.0000
0.4 72 0.0000 0.0000
0.41 72 0.0000 0.0000
0.42 72 0.0000 0.0000
0.43 72 0.0000 0.0000
0.44 72 0.0000 0.0000
0.45 72 0.0000 0.0000
0.46 72 0.0000 0.0000
0.47 72 0.0000 0.0000
0.48 72 0.0000 0.0000
0.49 72 0.0000 0.0000
0.5 72 0.0000 0.0000
0.51 72 0.0000 0.0000
0.52 72 0.0000 0.0000
0.53 72 0.0000 0.0000
0.54 72 0.0200 941.5000
0.55 72 0.0400 818.5000
0.56 72 0.0700 1229.7143
0.57 72 0.3200 1336.2500
0.58 72 0.4300 1409.3721
0.59 72 0.6000 1586.6500
0.6 72 0.7300 1913.2740
0.61 72 0.9200 2214.8587
0.62 72 1.0000 2484.1500
0.63 72 0.9900 2718.2020
0.64 72 1.0000 2885.5400
0.65 72 1.0000 3051.6800
0.66 72 1.0000 3159.9600
0.67 72 1.0000 3283.3600
0.68 72 1.0000 3375.3100
0.69 72 1.0000 3457.7000
0.7 72 1.0000 3537.7400
0.71 72 1.0000 3593.4300
0.72 72 1.0000 3670.8600
0.73 72 1.0000 3728.1200
0.74 72 1.0000 3791.7100
0.75 72 1.0000 3856.8900
0.76 72 1.0000 3910.0400
0.77 72 1.0000 3970.8000
0.78 72 1.0000 4017.2400
0.79 72 1.0000 4079.2500
0.8 72 1.0000 4130.0500
0.81 72 1.0000 4191.4500
0.82 72 1.0000 4244.2200
0.83 72 1.0000 4292.8800
0.84 72 1.0000 4351.8700
0.85 72 1.0000 4401.1800
0.86 72 1.0000 4453.5700
0.87 72 1.0000 4508.0700
0.88 72 1.0000 4557.8600
0.89 72 1.0000 4614.5300
0.9 72 1.0000 4662.5200
