0.1 63 0.0000 0.0000
0.11 63 0.0000 0.0000
0.12 63 0.0000 0.0000
0.13 63 0.0000 0.0000
0.14 63 0.0000 0.0000
0.15 63 0.0000 0.0000
0.16 63 0.0000 0.0000
0.17 63 0.0000 0.0000
0.18 63 0.0000 0.0000
0.19 63 0.0000 0.0000
0.2 63 0.0000 0.0000
0.21 63 0.0000 0.0000
0.22 63 0.0000 0.0000
0.23 63 0.0000 0.0000
0.24 63 0.0000 0.0000
0.25 63 0.0000 0.0000
0.26 63 0.0000 0.0000
0.27 63 0.0000 0.0000
0.28 63 0.0000 0.0000
0.29 63 0.0000 0.0000
0.3 63 0.0000 0.0000
0.31 63 0.0000 0.0000
0.32 63 0.0000 0.0000
0.33 63 0.0000 0.0000
0.34 63 0.0000 0.0000
0.35 63 0.0000 0.0000
0.36 63 0.0000 0.0000
0.37 63 0.0000 0.0000
0.38 63 0.0000 0.0000
0.39 63 0.0000 0.0000
0.4 63 0.0000 0.0000
0.41 63 0.0000 0.0000
0.42 63 0.0000 0.0000
0.43 63 0.0000 0.0000
0.44 63 0.0000 0.0000
0.45 63 0.0000 0.0000
0.46 63 0.0000 0.0000
0.47 63 0.0000 0.0000
0.48 63 0.0000 0.0000
0.49 63 0.0000 0.0000
0.5 63 0.0000 0.0000
0.51 63 0.0100 432.0000
0.52 63 0.0100 878.0000
0.53 63 0.0200 872.5000
0.54 63 0.0200 827.5000
0.55 63 0.0800 889.0000
0.56 63 0.1300 917.0769
0.57 63 0.2500 923.4400
0.58 63 0.4100 1139.4878
0.59 63 0.6700 1366.7910
0.6 63 0.7100 1424.2113
0.61 63 0.9300 1620.7204
0.62 63 0.9600 1853.0208
0.63 63 1.0000 2011.9900
0.64 63 0.9900 2216.2828
0.65 63 1.0000 2281.7600
0.66 63 1.0000 2421.3500
0.67 63 1.0000 2500.5800
0.68 63 1.0000 2564.4000
0.69 63 1.0000 2627.4300
0.7 63 1.0000 2690.0500
0.71 63 1.0000 2759.1700
0.72 63 1.0000 2808.3800
0.73 63 1.0000 2849.6200
0.74 63 1.0000 2899.1200
0.75 63 1.0000 2950.3400
0.76 63 1.0000 2993.4400
0.77 63 1.0000 3039.3600
0.78 63 1.0000 3076.7100
0.79 63 1.0000 3116.6600
0.8 63 1.0000 3164.2300
0.81 63 1.0000 3205.1000
0.82 63 1.0000 3243.8900
0.83 63 1.0000 3284.5800
0.84 63 1.0000 3332.3600
0.85 63 1.0000 3374.5100
0.86 63 1.0000 3412.6000
0.87 63 1.0000 3450.6500
0.88 63 1.0000 3490.9100
0.89 63 1.0000 3528.8300
0.9 63 1.0000 3575.6300
