0.1 94 0.0000 0.0000
0.11 94 0.0000 0.0000
0.12 94 0.0000 0.0000
0.13 94 0.0000 0.0000
0.14 94 0.0000 0.0000
0.15 94 0.0000 0.0000
0.16 94 0.0000 0.0000
0.17 94 0.0000 0.0000
0.18 94 0.0000 0.0000
0.19 94 0.0000 0.0000
0.2 94 0.0000 0.0000
0.21 94 0.0000 0.0000
0.22 94 0.0000 0.0000
0.23 94 0.0000 0.0000
0.24 94 0.0000 0.0000
0.25 94 0.0000 0.0000
0.26 94 0.0000 0.0000
0.27 94 0.0000 0.0000
0.28 94 0.0000 0.0000
0.29 94 0.0000 0.0000
0.3 94 0.0000 0.0000
0.31 94 0.0000 0.0000
0.32 94 0.0000 0.0000
0.33 94 0.0000 0.0000
0.34 94 0.0000 0.0000
0.35 94 0.0000 0.0000
0.36 94 0.0000 0.0000
0.37 94 0.0000 0.0000
0.38 94 0.0000 0.0000
0.39 94 0.0000 0.0000
0.4 94 0.0000 0.0000
0.41 94 0.0000 0.0000
0.42 94 0.0000 0.0000
0.43 94 0.0000 0.0000
0.44 94 0.0000 0.0000
0.45 94 0.0000 0.0000
0.46 94 0.0000 0.0000
0.47 94 0.0000 0.0000
0.48 94 0.0000 0.0000
0.49 94 0.0000 0.0000
0.5 94 0.0000 0.0000
0.51 94 0.0000 0.0000
0.52 94 0.0000 0.0000
0.53 94 0.0000 0.0000
0.54 94 0.0200 1190.5000
0.55 94 0.0000 0.0000
0.56 94 0.0700 1547.5714
0.57 94 0.1600 1873.7500
0.58 94 0.3200 2541.1250
0.59 94 0.6600 2739.0303
0.6 94 0.8500 3059.3647
0.61 94 0.9600 3733.4375
0.62 94 0.9700 4342.1959
0.63 94 1.0000 4645.7400
0.64 94 1.0000 5007.9200
0.65 94 1.0000 5250.1300
0.66 94 1.0000 5466.8600
0.67 94 1.0000 5620.9000
0.68 94 1.0000 5773.6800
0.69 94 1.0000 5915.3100
0.7 94 1.0000 6027.7700
0.71 94 1.0000 6152.0800
0.72 94 1.0000 6270.9100
0.73 94 1.0000 6363.1500
0.74 94 1.0000 6474.3100
0.75 94 1.0000 6569.5000
0.76 94 1.0000 6665.8300
0.77 94 1.0000 6760.7300
0.78 94 1.0000 6862.7700
0.79 94 1.0000 6959.3700
0.8 94 1.0000 7044.6400
0.81 94 1.0000 7144.6400
0.82 94 1.0000 7232.4000
0.83 94 1.0000 7320.1100
0.84 94 1.0000 7420.3900
0.85 94 1.0000 7507.1000
0.86 94 1.0000 7588.9000
0.87 94 1.0000 7680.0500
0.88 94 1.0000 7769.9600
0.89 94 1.0000 7860.1700
0.9 94 1.0000 7946.8600
