0.1 51 0.0000 0.0000
0.11 51 0.0000 0.0000
0.12 51 0.0000 0.0000
0.13 51 0.0000 0.0000
0.14 51 0.0000 0.0000
0.15 51 0.0000 0.0000
0.16 51 0.0000 0.0000
0.17 51 0.0000 0.0000
0.18 51 0.0000 0.0000
0.19 51 0.0000 0.0000
0.2 51 0.0000 0.0000
0.21 51 0.0000 0.0000
0.22 51 0.0000 0.0000
0.23 51 0.0000 0.0000
0.24 51 0.0000 0.0000
0.25 51 0.0000 0.0000
0.26 51 0.0000 0.0000
0.27 51 0.0000 0.0000
0.28 51 0.0000 0.0000
0.29 51 0.0000 0.0000
0.3 51 0.0000 0.0000
0.31 51 0.0000 0.0000
0.32 51 0.0000 0.0000
0.33 51 0.0000 0.0000
0.34 51 0.0000 0.0000
0.35 51 0.0000 0.0000
0.36 51 0.0000 0.0000
0.37 51 0.0000 0.0000
0.38 51 0.0000 0.0000
0.39 51 0.0000 0.0000
0.4 51 0.0000 0.0000
0.41 51 0.0000 0.0000
0.42 51 0.0000 0.0000
0.43 51 0.0000 0.0000
0.44 51 0.0000 0.0000
0.45 51 0.0000 0.0000
0.46 51 0.0000 0.0000
0.47 51 0.0000 0.0000
0.48 51 0.0000 0.0000
0.49 51 0.0000 0.0000
0.5 51 0.0000 0.0000
0.51 51 0.0100 525.0000
0.52 51 0.0200 487.0000
0.53 51 0.0400 542.2500
0.54 51 0.0300 669.6667
0.55 51 0.0900 556.6667
0.56 51 0.1900 555.8421
0.57 51 0.3400 708.6765
0.58 51 0.4200 770.3095
0.59 51 0.6400 858.5469
0.6 51 0.8200 980.4390
0.61 51 0.8200 1106.8902
0.62 51 0.9500 1226.8316
0.63 51 1.0000 1258.6500
0.64 51 1.0000 1407.6300
0.65 51 1.0000 1473.1700
0.66 51 1.0000 1549.5300
0.67 51 1.0000 1616.3200
0.68 51 1.0000 1679.2600
0.69 51 1.0000 1726.3100
0.7 51 1.0000 1758.5900
0.71 51 1.0000 1794.1400
0.72 51 1.0000 1835.2200
0.73 51 1.0000 1863.2900
0.74 51 1.0000 1899.9500
0.75 51 1.0000 1928.2000
0.76 51 1.0000 1955.7100
0.77 51 1.0000 1984.1200
0.78 51 1.0000 2020.0400
0.79 51 1.0000 2043.8400
0.8 51 1.0000 2069.9400
0.81 51 1.0000 2102.8200
0.82 51 1.0000 2125.7000
0.83 51 1.0000 2152.9400
0.84 51 1.0000 2183.7500
0.85 51 1.0000 2209.6300
0.86 51 1.0000 2235.6800
0.87 51 1.0000 2259.7000
0.88 51 1.0000 2285.9400
0.89 51 1.0000 2315.4200
0.9 51 1.0000 2341.7300
