0.1 48 0.0000 0.0000
0.11 48 0.0000 0.0000
0.12 48 0.0000 0.0000
0.13 48 0.0000 0.0000
0.14 48 0.0000 0.0000
0.15 48 0.0000 0.0000
0.16 48 0.0000 0.0000
0.17 48 0.0000 0.0000
0.18 48 0.0000 0.0000
0.19 48 0.0000 0.0000
0.2 48 0.0000 0.0000
0.21 48 0.0000 0.0000
0.22 48 0.0000 0.0000
0.23 48 0.0000 0.0000
0.24 48 0.0000 0.0000
0.25 48 0.0000 0.0000
0.26 48 0.0000 0.0000
0.27 48 0.0000 0.0000
0.28 48 0.0000 0.0000
0.29 48 0.0000 0.0000
0.3 48 0.0000 0.0000
0.31 48 0.0000 0.0000
0.32 48 0.0000 0.0000
0.33 48 0.0000 0.0000
0.34 48 0.0000 0.0000
0.35 48 0.0000 0.0000
0.36 48 0.0000 0.0000
0.37 48 0.0000 0.0000
0.38 48 0.0000 0.0000
0.39 48 0.0000 0.0000
0.4 48 0.0000 0.0000
0.41 48 0.0000 0.0000
0.42 48 0.0000 0.0000
0.43 48 0.0000 0.0000
0.44 48 0.0000 0.0000
0.45 48 0.0000 0.0000
0.46 48 0.0000 0.0000
0.47 48 0.0000 0.0000
0.48 48 0.0000 0.0000
0.49 48 0.0000 0.0000
0.5 48 0.0000 0.0000
0.51 48 0.0200 383.0000
0.52 48 0.0200 320.0000
0.53 48 0.0400 439.2500
0.54 48 0.1000 490.6000
0.55 48 0.1500 425.1333
0.56 48 0.2000 593.0500
0.57 48 0.3400 627.2941
0.58 48 0.5900 698.8644
0.59 48 0.6000 754.6167
0.6 48 0.7700 827.0000
0.61 48 0.9200 923.9674
0.62 48 0.9400 1036.5106
0.63 48 0.9800 1136.3980
0.64 48 0.9800 1198.2857
0.65 48 1.0000 1306.0100
0.66 48 1.0000 1375.7000
0.67 48 1.0000 1431.5400
0.68 48 1.0000 1481.5000
0.69 48 1.0000 1523.5600
0.7 48 1.0000 1558.6800
0.71 48 1.0000 1593.2900
0.72 48 1.0000 1616.2300
0.73 48 1.0000 1647.5400
0.74 48 1.0000 1679.7500
0.75 48 1.0000 1705.1400
0.76 48 1.0000 1732.0700
0.77 48 1.0000 1757.4200
0.78 48 1.0000 1788.8100
0.79 48 1.0000 1813.1100
0.8 48 1.0000 1832.9800
0.81 48 1.0000 1861.6100
0.82 48 1.0000 1886.8100
0.83 48 1.0000 1909.0500
0.84 48 1.0000 1932.7900
0.85 48 1.0000 1957.9200
0.86 48 1.0000 1980.1800
0.87 48 1.0000 2001.6800
0.88 48 1.0000 2026.8000
0.89 48 1.0000 2049.6500
0.9 48 1.0000 2074.4200
