0.1 42 0.0000 0.0000
0.11 42 0.0000 0.0000
0.12 42 0.0000 0.0000
0.13 42 0.0000 0.0000
0.14 42 0.0000 0.0000
0.15 42 0.0000 0.0000
0.16 42 0.0000 0.0000
0.17 42 0.0000 0.0000
0.18 42 0.0000 0.0000
0.19 42 0.0000 0.0000
0.2 42 0.0000 0.0000
0.21 42 0.0000 0.0000
0.22 42 0.0000 0.0000
0.23 42 0.0000 0.0000
0.24 42 0.0000 0.0000
0.25 42 0.0000 0.0000
0.26 42 0.0000 0.0000
0.27 42 0.0000 0.0000
0.28 42 0.0000 0.0000
0.29 42 0.0000 0.0000
0.3 42 0.0000 0.0000
0.31 42 0.0000 0.0000
0.32 42 0.0000 0.0000
0.33 42 0.0000 0.0000
0.34 42 0.0000 0.0000
0.35 42 0.0000 0.0000
0.36 42 0.0000 0.0000
0.37 42 0.0000 0.0000
0.38 42 0.0000 0.0000
0.39 42 0.0000 0.0000
0.4 42 0.0000 0.0000
0.41 42 0.0000 0.0000
0.42 42 0.0000 0.0000
0.43 42 0.0000 0.0000
0.44 42 0.0000 0.0000
0.45 42 0.0000 0.0000
0.46 42 0.0000 0.0000
0.47 42 0.0000 0.0000
0.48 42 0.0000 0.0000
0.49 42 0.0000 0.0000
0.5 42 0.0100 226.0000
0.51 42 0.0200 270.5000
0.52 42 0.0500 317.2000
0.53 42 0.0600 371.8333
0.54 42 0.0800 456.2500
0.55 42 0.2000 446.5000
0.56 42 0.3500 485.1429
0.57 42 0.4500 503.4222
0.58 42 0.4200 571.1429
0.59 42 0.6000 612.2000
0.6 42 0.8000 665.9500
0.61 42 0.8600 715.0814
0.62 42 0.9700 789.0103
0.63 42 0.9700 869.4021
0.64 42 1.0000 927.9600
0.65 42 0.9900 988.2323
0.66 42 1.0000 1052.8000
0.67 42 1.0000 1087.5900
0.68 42 0.9900 1123.2626
0.69 42 1.0000 1156.9600
0.7 42 1.0000 1185.6500
0.71 42 1.0000 1215.4400
0.72 42 1.0000 1238.1900
0.73 42 1.0000 1264.5900
0.74 42 1.0000 1285.5300
0.75 42 1.0000 1305.5200
0.76 42 1.0000 1324.9200
0.77 42 1.0000 1348.0000
0.78 42 1.0000 1368.3200
0.79 42 1.0000 1388.2700
0.8 42 1.0000 1404.7500
0.81 42 1.0000 1425.7500
0.82 42 1.0000 1444.2800
0.83 42 1.0000 1462.4200
0.84 42 1.0000 1477.7600
0.85 42 1.0000 1497.7600
0.86 42 1.0000 1517.3800
0.87 42 1.0000 1532.6700
0.88 42 1.0000 1550.7500
0.89 42 1.0000 1567.0900
0.9 42 1.0000 1586.2800
