0.1 59 0.0000 0.0000
0.11 59 0.0000 0.0000
0.12 59 0.0000 0.0000
0.13 59 0.0000 0.0000
0.14 59 0.0000 0.0000
0.15 59 0.0000 0.0000
0.16 59 0.0000 0.0000
0.17 59 0.0000 0.0000
0.18 59 0.0000 0.0000
0.19 59 0.0000 0.0000
0.2 59 0.0000 0.0000
0.21 59 0.0000 0.0000
0.22 59 0.0000 0.0000
0.23 59 0.0000 0.0000
0.24 59 0.0000 0.0000
0.25 59 0.0000 0.0000
0.26 59 0.0000 0.0000
0.27 59 0.0000 0.0000
0.28 59 0.0000 0.0000
0.29 59 0.0000 0.0000
0.3 59 0.0000 0.0000
0.31 59 0.0000 0.0000
0.32 59 0.0000 0.0000
0.33 59 0.0000 0.0000
0.34 59 0.0000 0.0000
0.35 59 0.0000 0.0000
0.36 59 0.0000 0.0000
0.37 59 0.0000 0.0000
0.38 59 0.0000 0.0000
0.39 59 0.0000 0.0000
0.4 59 0.0000 0.0000
0.41 59 0.0000 0.0000
0.42 59 0.0000 0.0000
0.43 59 0.0000 0.0000
0.44 59 0.0000 0.0000
0.45 59 0.0000 0.0000
0.46 59 0.0000 0.0000
0.47 59 0.0000 0.0000
0.48 59 0.0000 0.0000
0.49 59 0.0000 0.0000
0.5 59 0.0000 0.0000
0.51 59 0.0100 468.0000
0.52 59 0.0000 0.0000
0.53 59 0.0000 0.0000
0.54 59 0.0300 684.6667
0.55 59 0.0900 694.0000
0.56 59 0.1700 741.0588
0.57 59 0.2500 818.6800
0.58 59 0.5200 982.0385
0.59 59 0.6600 1143.4091
0.6 59 0.8300 1250.6145
0.61 59 0.8200 1474.6098
0.62 59 0.9700 1573.6082
0.63 59 0.9900 1769.7172
0.64 59 0.9800 1911.7041
0.65 59 1.0000 2014.0600
0.66 59 1.0000 2123.4400
0.67 59 1.0000 2185.6100
0.68 59 1.0000 2260.7900
0.69 59 1.0000 2308.7600
0.7 59 1.0000 2363.1000
0.71 59 1.0000 2402.1800
0.72 59 1.0000 2459.5100
0.73 59 1.0000 2500.2600
0.74 59 1.0000 2539.8000
0.75 59 1.0000 2588.6900
0.76 59 1.0000 2621.6600
0.77 59 1.0000 2663.9800
0.78 59 1.0000 2702.0400
0.79 59 1.0000 2736.7600
0.8 59 1.0000 2772.7800
0.81 59 1.0000 2812.6300
0.82 59 1.0000 2843.6500
0.83 59 1.0000 2883.5400
0.84 59 1.0000 2918.5300
0.85 59 1.0000 2960.1400
0.86 59 1.0000 2992.8000
0.87 59 1.0000 3027.1100
0.88 59 1.0000 3061.1900
0.89 59 1.0000 3098.7400
0.9 59 1.0000 3132.1000
