0.1 41 0.0000 0.0000
0.11 41 0.0000 0.0000
0.12 41 0.0000 0.0000
0.13 41 0.0000 0.0000
0.14 41 0.0000 0.0000
0.15 41 0.0000 0.0000
0.16 41 0.0000 0.0000
0.17 41 0.0000 0.0000
0.18 41 0.0000 0.0000
0.19 41 0.0000 0.0000
0.2 41 0.0000 0.0000
0.21 41 0.0000 0.0000
0.22 41 0.0000 0.0000
0.23 41 0.0000 0.0000
0.24 41 0.0000 0.0000
0.25 41 0.0000 0.0000
0.26 41 0.0000 0.0000
0.27 41 0.0000 0.0000
0.28 41 0.0000 0.0000
0.29 41 0.0000 0.0000
0.3 41 0.0000 0.0000
0.31 41 0.0000 0.0000
0.32 41 0.0000 0.0000
0.33 41 0.0000 0.0000
0.34 41 0.0000 0.0000
0.35 41 0.0000 0.0000
0.36 41 0.0000 0.0000
0.37 41 0.0000 0.0000
0.38 41 0.0000 0.0000
0.39 41 0.0000 0.0000
0.4 41 0.0000 0.0000
0.41 41 0.0000 0.0000
0.42 41 0.0000 0.0000
0.43 41 0.0000 0.0000
0.44 41 0.0000 0.0000
0.45 41 0.0000 0.0000
0.46 41 0.0000 0.0000
0.47 41 0.0100 167.0000
0.48 41 0.0000 0.0000
0.49 41 0.0000 0.0000
0.5 41 0.0000 0.0000
0.51 41 0.0100 357.0000
0.52 41 0.0200 393.5000
0.53 41 0.0800 316.8750
0.54 41 0.1400 406.4286
0.55 41 0.1700 452.9412
0.56 41 0.2000 482.1500
0.57 41 0.4400 519.5227
0.58 41 0.4600 534.8913
0.59 41 0.6500 599.8923
0.6 41 0.7400 632.3919
0.61 41 0.8700 679.6437
0.62 41 0.8900 766.9213
0.63 41 0.9600 782.3854
0.64 41 0.9800 885.8367
0.65 41 1.0000 920.2700
0.66 41 1.0000 990.6400
0.67 41 1.0000 1029.3000
0.68 41 1.0000 1072.3200
0.69 41 1.0000 1102.4200
0.7 41 1.0000 1120.5200
0.71 41 1.0000 1152.6100
0.72 41 1.0000 1178.0500
0.73 41 1.0000 1201.8900
0.74 41 1.0000 1222.4500
0.75 41 1.0000 1247.2200
0.76 41 1.0000 1266.7700
0.77 41 1.0000 1286.1700
0.78 41 1.0000 1303.2600
0.79 41 1.0000 1323.8000
0.8 41 1.0000 1339.2000
0.81 41 1.0000 1353.9300
0.82 41 1.0000 1374.0200
0.83 41 1.0000 1390.8900
0.84 41 1.0000 1411.2100
0.85 41 1.0000 1429.6900
0.86 41 1.0000 1442.6500
0.87 41 1.0000 1462.7400
0.88 41 1.0000 1477.8500
0.89 41 1.0000 1497.9900
0.9 41 1.0000 1513.1700
