0.1 43 0.0000 0.0000
0.11 43 0.0000 0.0000
0.12 43 0.0000 0.0000
0.13 43 0.0000 0.0000
0.14 43 0.0000 0.0000
0.15 43 0.0000 0.0000
0.16 43 0.0000 0.0000
0.17 43 0.0000 0.0000
0.18 43 0.0000 0.0000
0.19 43 0.0000 0.0000
0.2 43 0.0000 0.0000
0.21 43 0.0000 0.0000
0.22 43 0.0000 0.0000
0.23 43 0.0000 0.0000
0.24 43 0.0000 0.0000
0.25 43 0.0000 0.0000
0.26 43 0.0000 0.0000
0.27 43 0.0000 0.0000
0.28 43 0.0000 0.0000
0.29 43 0.0000 0.0000
0.3 43 0.0000 0.0000
0.31 43 0.0000 0.0000
0.32 43 0.0000 0.0000
0.33 43 0.0000 0.0000
0.34 43 0.0000 0.0000
0.35 43 0.0000 0.0000
0.36 43 0.0000 0.0000
0.37 43 0.0000 0.0000
0.38 43 0.0000 0.0000
0.39 43 0.0000 0.0000
0.4 43 0.0000 0.0000
0.41 43 0.0000 0.0000
0.42 43 0.0000 0.0000
0.43 43 0.0000 0.0000
0.44 43 0.0000 0.0000
0.45 43 0.0000 0.0000
0.46 43 0.0000 0.0000
0.47 43 0.0000 0.0000
0.48 43 0.0000 0.0000
0.49 43 0.0000 0.0000
0.5 43 0.0000 0.0000
0.51 43 0.0100 410.0000
0.52 43 0.0100 362.0000
0.53 43 0.0400 364.2500
0.54 43 0.1100 369.0909
0.55 43 0.1300 432.1538
0.56 43 0.2700 460.1481
0.57 43 0.2800 577.3214
0.58 43 0.4900 569.5714
0.59 43 0.6200 594.9516
0.6 43 0.8100 690.0123
0.61 43 0.8600 764.7558
0.62 43 0.9200 852.9783
0.63 43 0.9600 924.9062
0.64 43 0.9900 985.8081
0.65 43 1.0000 1016.2800
0.66 43 1.0000 1097.3200
0.67 43 1.0000 1147.7600
0.68 43 1.0000 1181.3900
0.69 43 1.0000 1215.9700
0.7 43 1.0000 1249.5000
0.71 43 1.0000 1274.7100
0.72 43 1.0000 1300.8400
0.73 43 1.0000 1323.8800
0.74 43 1.0000 1344.7300
0.75 43 1.0000 1367.9900
0.76 43 1.0000 1390.4200
0.77 43 1.0000 1410.0900
0.78 43 1.0000 1435.5600
0.79 43 1.0000 1452.1100
0.8 43 1.0000 1474.1100
0.81 43 1.0000 1493.8500
0.82 43 1.0000 1512.2900
0.83 43 1.0000 1530.2600
0.84 43 1.0000 1552.0500
0.85 43 1.0000 1568.6600
0.86 43 1.0000 1588.1800
0.87 43 1.0000 1608.0200
0.88 43 1.0000 1624.7800
0.89 43 1.0000 1644.4500
0.9 43 1.0000 1664.3500
