0.1 15 0.0000 0.0000
0.11 15 0.0000 0.0000
0.12 15 0.0000 0.0000
0.13 15 0.0000 0.0000
0.14 15 0.0000 0.0000
0.15 15 0.0000 0.0000
0.16 15 0.0000 0.0000
0.17 15 0.0000 0.0000
0.18 15 0.0000 0.0000
0.19 15 0.0000 0.0000
0.2 15 0.0000 0.0000
0.21 15 0.0000 0.0000
0.22 15 0.0000 0.0000
0.23 15 0.0000 0.0000
0.24 15 0.0000 0.0000
0.25 15 0.0000 0.0000
0.26 15 0.0000 0.0000
0.27 15 0.0000 0.0000
0.28 15 0.0000 0.0000
0.29 15 0.0000 0.0000
0.3 15 0.0000 0.0000
0.31 15 0.0000 0.0000
0.32 15 0.0000 0.0000
0.33 15 0.0000 0.0000
0.34 15 0.0000 0.0000
0.35 15 0.0000 0.0000
0.36 15 0.0000 0.0000
0.37 15 0.0000 0.0000
0.38 15 0.0000 0.0000
0.39 15 0.0100 54.0000
0.4 15 0.0100 31.0000
0.41 15 0.0100 37.0000
0.42 15 0.0400 51.2500
0.43 15 0.0500 55.2000
0.44 15 0.0000 0.0000
0.45 15 0.0600 47.3333
0.46 15 0.0700 52.0000
0.47 15 0.0800 49.6250
0.48 15 0.0800 74.8750
0.49 15 0.1400 58.5714
0.5 15 0.1900 68.2105
0.51 15 0.3100 69.0323
0.52 15 0.2000 65.7000
0.53 15 0.2800 75.5000
0.54 15 0.3800 72.9474
0.55 15 0.3700 76.4595
0.56 15 0.5100 81.6275
0.57 15 0.5900 84.2881
0.58 15 0.6400 87.3438
0.59 15 0.5900 90.7627
0.6 15 0.7400 95.5270
0.61 15 0.7200 102.1389
0.62 15 0.8300 105.9518
0.63 15 0.8900 115.3146
0.64 15 0.9000 113.5778
0.65 15 0.9500 119.3368
0.66 15 0.9400 120.0532
0.67 15 0.9500 126.0947
0.68 15 0.9700 135.0619
0.69 15 0.9900 138.3232
0.7 15 0.9900 143.4949
0.71 15 1.0000 148.2600
0.72 15 1.0000 153.7400
0.73 15 1.0000 157.5500
0.74 15 1.0000 157.5000
0.75 15 1.0000 162.4600
0.76 15 1.0000 167.0100
0.77 15 1.0000 169.5300
0.78 15 1.0000 172.1900
0.79 15 1.0000 176.0400
0.8 15 1.0000 178.2000
0.81 15 1.0000 180.8400
0.82 15 1.0000 182.9400
0.83 15 1.0000 186.8900
0.84 15 1.0000 188.6200
0.85 15 1.0000 190.9600
0.86 15 1.0000 193.0200
0.87 15 1.0000 195.4400
0.88 15 1.0000 197.8700
0.89 15 1.0000 200.5800
0.9 15 1.0000 203.1100
