0.1 45 0.0000 0.0000
0.11 45 0.0000 0.0000
0.12 45 0.0000 0.0000
0.13 45 0.0000 0.0000
0.14 45 0.0000 0.0000
0.15 45 0.0000 0.0000
0.16 45 0.0000 0.0000
0.17 45 0.0000 0.0000
0.18 45 0.0000 0.0000
0.19 45 0.0000 0.0000
0.2 45 0.0000 0.0000
0.21 45 0.0000 0.0000
0.22 45 0.0000 0.0000
0.23 45 0.0000 0.0000
0.24 45 0.0000 0.0000
0.25 45 0.0000 0.0000
0.26 45 0.0000 0.0000
0.27 45 0.0000 0.0000
0.28 45 0.0000 0.0000
0.29 45 0.0000 0.0000
0.3 45 0.0000 0.0000
0.31 45 0.0000 0.0000
0.32 45 0.0000 0.0000
0.33 45 0.0000 0.0000
0.34 45 0.0000 0.0000
0.35 45 0.0000 0.0000
0.36 45 0.0000 0.0000
0.37 45 0.0000 0.0000
0.38 45 0.0000 0.0000
0.39 45 0.0000 0.0000
0.4 45 0.0000 0.0000
0.41 45 0.0000 0.0000
0.42 45 0.0000 0.0000
0.43 45 0.0000 0.0000
0.44 45 0.0000 0.0000
0.45 45 0.0000 0.0000
0.46 45 0.0000 0.0000
0.47 45 0.0000 0.0000
0.48 45 0.0000 0.0000
0.49 45 0.0000 0.0000
0.5 45 0.0000 0.0000
0.51 45 0.0200 257.0000
0.52 45 0.0200 285.5000
0.53 45 0.0400 429.0000
0.54 45 0.1300 418.0769
0.55 45 0.1800 470.4444
0.56 45 0.2300 546.9565
0.57 45 0.2800 594.1429
0.58 45 0.5200 632.4423
0.59 45 0.6000 707.7667
0.6 45 0.7600 755.5526
0.61 45 0.8700 821.9540
0.62 45 0.9400 912.2234
0.63 45 0.9900 987.7374
0.64 45 0.9900 1089.2929
0.65 45 1.0000 1127.2200
0.66 45 1.0000 1181.8200
0.67 45 1.0000 1251.9100
0.68 45 1.0000 1299.6000
0.69 45 1.0000 1325.2400
0.7 45 1.0000 1370.4300
0.71 45 1.0000 1403.6200
0.72 45 1.0000 1419.5400
0.73 45 1.0000 1448.1300
0.74 45 1.0000 1471.7100
0.75 45 1.0000 1502.1200
0.76 45 1.0000 1526.4900
0.77 45 1.0000 1544.6100
0.78 45 1.0000 1570.1700
0.79 45 1.0000 1589.8000
0.8 45 1.0000 1617.7800
0.81 45 1.0000 1639.1700
0.82 45 1.0000 1657.4800
0.83 45 1.0000 1675.8600
0.84 45 1.0000 1700.1200
0.85 45 1.0000 1721.1600
0.86 45 1.0000 1740.5700
0.87 45 1.0000 1762.6600
0.88 45 1.0000 1778.2000
0.89 45 1.0000 1801.5700
0.9 45 1.0000 1822.1800
