0.1 49 0.0000 0.0000
0.11 49 0.0000 0.0000
0.12 49 0.0000 0.0000
0.13 49 0.0000 0.0000
0.14 49 0.0000 0.0000
0.15 49 0.0000 0.0000
0.16 49 0.0000 0.0000
0.17 49 0.0000 0.0000
0.18 49 0.0000 0.0000
0.19 49 0.0000 0.0000
0.2 49 0.0000 0.0000
0.21 49 0.0000 0.0000
0.22 49 0.0000 0.0000
0.23 49 0.0000 0.0000
0.24 49 0.0000 0.0000
0.25 49 0.0000 0.0000
0.26 49 0.0000 0.0000
0.27 49 0.0000 0.0000
0.28 49 0.0000 0.0000
0.29 49 0.0000 0.0000
0.3 49 0.0000 0.0000
0.31 49 0.0000 0.0000
0.32 49 0.0000 0.0000
0.33 49 0.0000 0.0000
0.34 49 0.0000 0.0000
0.35 49 0.0000 0.0000
0.36 49 0.0000 0.0000
0.37 49 0.0000 0.0000
0.38 49 0.0000 0.0000
0.39 49 0.0000 0.0000
0.4 49 0.0000 0.0000
0.41 49 0.0000 0.0000
0.42 49 0.0000 0.0000
0.43 49 0.0000 0.0000
0.44 49 0.0000 0.0000
0.45 49 0.0000 0.0000
0.46 49 0.0000 0.0000
0.47 49 0.0000 0.0000
0.48 49 0.0000 0.0000
0.49 49 0.0000 0.0000
0.5 49 0.0000 0.0000
0.51 49 0.0100 437.0000
0.52 49 0.0400 404.2500
0.53 49 0.0500 374.6000
0.54 49 0.0400 515.5000
0.55 49 0.1000 598.8000
0.56 49 0.1700 645.4118
0.57 49 0.4700 570.3191
0.58 49 0.5500 759.2182
0.59 49 0.6100 865.1475
0.6 49 0.8000 917.8500
0.61 49 0.8400 995.4524
0.62 49 0.9300 1144.3011
0.63 49 0.9500 1186.6947
0.64 49 1.0000 1252.4300
0.65 49 1.0000 1393.2900
0.66 49 1.0000 1431.5600
0.67 49 1.0000 1500.9900
0.68 49 1.0000 1543.0200
0.69 49 1.0000 1588.5900
0.7 49 1.0000 1629.9600
0.71 49 1.0000 1651.8900
0.72 49 1.0000 1691.5700
0.73 49 1.0000 1723.9500
0.74 49 1.0000 1756.5200
0.75 49 1.0000 1784.0400
0.76 49 1.0000 1807.9000
0.77 49 1.0000 1837.0700
0.78 49 1.0000 1863.1500
0.79 49 1.0000 1889.1700
0.8 49 1.0000 1916.2800
0.81 49 1.0000 1939.4400
0.82 49 1.0000 1960.8800
0.83 49 1.0000 1989.7500
0.84 49 1.0000 2013.3400
0.85 49 1.0000 2040.4000
0.86 49 1.0000 2061.1700
0.87 49 1.0000 2090.0600
0.88 49 1.0000 2110.7300
0.89 49 1.0000 2133.3700
0.9 49 1.0000 2161.7700
