0.1 58 0.0000 0.0000
0.11 58 0.0000 0.0000
0.12 58 0.0000 0.0000
0.13 58 0.0000 0.0000
0.14 58 0.0000 0.0000
0.15 58 0.0000 0.0000
0.16 58 0.0000 0.0000
0.17 58 0.0000 0.0000
0.18 58 0.0000 0.0000
0.19 58 0.0000 0.0000
0.2 58 0.0000 0.0000
0.21 58 0.0000 0.0000
0.22 58 0.0000 0.0000
0.23 58 0.0000 0.0000
0.24 58 0.0000 0.0000
0.25 58 0.0000 0.0000
0.26 58 0.0000 0.0000
0.27 58 0.0000 0.0000
0.28 58 0.0000 0.0000
0.29 58 0.0000 0.0000
0.3 58 0.0000 0.0000
0.31 58 0.0000 0.0000
0.32 58 0.0000 0.0000
0.33 58 0.0000 0.0000
0.34 58 0.0000 0.0000
0.35 58 0.0000 0.0000
0.36 58 0.0000 0.0000
0.37 58 0.0000 0.0000
0.38 58 0.0000 0.0000
0.39 58 0.0000 0.0000
0.4 58 0.0000 0.0000
0.41 58 0.0000 0.0000
0.42 58 0.0000 0.0000
0.43 58 0.0000 0.0000
0.44 58 0.0000 0.0000
0.45 58 0.0000 0.0000
0.46 58 0.0000 0.0000
0.47 58 0.0000 0.0000
0.48 58 0.0000 0.0000
0.49 58 0.0000 0.0000
0.5 58 0.0000 0.0000
0.51 58 0.0000 0.0000
0.52 58 0.0000 0.0000
0.53 58 0.0000 0.0000
0.54 58 0.0200 759.0000
0.55 58 0.1100 699.0000
0.56 58 0.1400 710.6429
0.57 58 0.2400 884.3333
0.58 58 0.5000 1037.0000
0.59 58 0.6800 1137.5882
0.6 58 0.8100 1220.7778
0.61 58 0.7800 1362.7821
0.62 58 0.9700 1545.3505
0.63 58 0.9900 1669.7778
0.64 58 1.0000 1839.4700
0.65 58 1.0000 1938.8900
0.66 58 1.0000 2038.0200
0.67 58 1.0000 2112.8100
0.68 58 1.0000 2174.3100
0.69 58 1.0000 2232.6600
0.7 58 1.0000 2282.9400
0.71 58 1.0000 2334.9300
0.72 58 1.0000 2371.8000
0.73 58 1.0000 2417.0900
0.74 58 1.0000 2459.7400
0.75 58 1.0000 2498.0100
0.76 58 1.0000 2533.2200
0.77 58 1.0000 2575.3700
0.78 58 1.0000 2607.7500
0.79 58 1.0000 2644.4300
0.8 58 1.0000 2678.8400
0.81 58 1.0000 2720.0000
0.82 58 1.0000 2747.6800
0.83 58 1.0000 2790.0700
0.84 58 1.0000 2822.7600
0.85 58 1.0000 2856.9700
0.86 58 1.0000 2890.8700
0.87 58 1.0000 2926.4000
0.88 58 1.0000 2960.4100
0.89 58 1.0000 2991.4500
0.9 58 1.0000 3027.6300
