0.1 88 0.0000 0.0000
0.11 88 0.0000 0.0000
0.12 88 0.0000 0.0000
0.13 88 0.0000 0.0000
0.14 88 0.0000 0.0000
0.15 88 0.0000 0.0000
0.16 88 0.0000 0.0000
0.17 88 0.0000 0.0000
0.18 88 0.0000 0.0000
0.19 88 0.0000 0.0000
0.2 88 0.0000 0.0000
0.21 88 0.0000 0.0000
0.22 88 0.0000 0.0000
0.23 88 0.0000 0.0000
0.24 88 0.0000 0.0000
0.25 88 0.0000 0.0000
0.26 88 0.0000 0.0000
0.27 88 0.0000 0.0000
0.28 88 0.0000 0.0000
0.29 88 0.0000 0.0000
0.3 88 0.0000 0.0000
0.31 88 0.0000 0.0000
0.32 88 0.0000 0.0000
0.33 88 0.0000 0.0000
0.34 88 0.0000 0.0000
0.35 88 0.0000 0.0000
0.36 88 0.0000 0.0000
0.37 88 0.0000 0.0000
0.38 88 0.0000 0.0000
0.39 88 0.0000 0.0000
0.4 88 0.0000 0.0000
0.41 88 0.0000 0.0000
0.42 88 0.0000 0.0000
0.43 88 0.0000 0.0000
0.44 88 0.0000 0.0000
0.45 88 0.0000 0.0000
0.46 88 0.0000 0.0000
0.47 88 0.0000 0.0000
0.48 88 0.0000 0.0000
0.49 88 0.0000 0.0000
0.5 88 0.0000 0.0000
0.51 88 0.0000 0.0000
0.52 88 0.0000 0.0000
0.53 88 0.0000 0.0000
0.54 88 0.0100 1236.0000
0.55 88 0.0200 1222.0000
0.56 88 0.0600 1666.5000
0.57 88 0.2200 1700.7273
0.58 88 0.3900 2081.0513
0.59 88 0.6700 2379.4179
0.6 88 0.8000 2733.1250
0.61 88 0.9100 3212.1868
0.62 88 0.9800 3835.1939
0.63 88 1.0000 4118.1900
0.64 88 1.0000 4367.3500
0.65 88 1.0000 4606.4300
0.66 88 1.0000 4785.3800
0.67 88 1.0000 4925.4600
0.68 88 1.0000 5058.1100
0.69 88 1.0000 5175.1600
0.7 88 1.0000 5280.6100
0.71 88 1.0000 5375.3600
0.72 88 1.0000 5476.1300
0.73 88 1.0000 5578.0800
0.74 88 1.0000 5662.1000
0.75 88 1.0000 5763.1100
0.76 88 1.0000 5844.9600
0.77 88 1.0000 5932.0700
0.78 88 1.0000 6009.8300
0.79 88 1.0000 6092.4500
0.8 88 1.0000 6176.0100
0.81 88 1.0000 6258.1900
0.82 88 1.0000 6340.8900
0.83 88 1.0000 6419.3100
0.84 88 1.0000 6494.8100
0.85 88 1.0000 6579.6500
0.86 88 1.0000 6649.9000
0.87 88 1.0000 6735.8900
0.88 88 1.0000 6811.5000
0.89 88 1.0000 6888.6500
0.9 88 1.0000 6972.8500
