0.1 10 0.0000 0.0000
0.11 10 0.0000 0.0000
0.12 10 0.0000 0.0000
0.13 10 0.0000 0.0000
0.14 10 0.0000 0.0000
0.15 10 0.0000 0.0000
0.16 10 0.0000 0.0000
0.17 10 0.0000 0.0000
0.18 10 0.0000 0.0000
0.19 10 0.0000 0.0000
0.2 10 0.0000 0.0000
0.21 10 0.0000 0.0000
0.22 10 0.0000 0.0000
0.23 10 0.0000 0.0000
0.24 10 0.0000 0.0000
0.25 10 0.0000 0.0000
0.26 10 0.0000 0.0000
0.27 10 0.0000 0.0000
0.28 10 0.0000 0.0000
0.29 10 0.0000 0.0000
0.3 10 0.0000 0.0000
0.31 10 0.0000 0.0000
0.32 10 0.0100 31.0000
0.33 10 0.0000 0.0000
0.34 10 0.0000 0.0000
0.35 10 0.0100 26.0000
0.36 10 0.0100 19.0000
0.37 10 0.0100 30.0000
0.38 10 0.0200 25.0000
0.39 10 0.0700 27.2857
0.4 10 0.0500 20.2000
0.41 10 0.0700 29.4286
0.42 10 0.0700 33.2857
0.43 10 0.0600 23.0000
0.44 10 0.1200 29.0833
0.45 10 0.1700 28.9412
0.46 10 0.1400 32.3571
0.47 10 0.1800 32.9444
0.48 10 0.2000 35.5500
0.49 10 0.2300 34.1739
0.5 10 0.2900 35.6552
0.51 10 0.2400 40.5000
0.52 10 0.4500 39.8444
0.53 10 0.5300 37.9811
0.54 10 0.5100 40.6275
0.55 10 0.4700 38.3830
0.56 10 0.5000 40.7800
0.57 10 0.6500 42.3538
0.58 10 0.7000 40.7286
0.59 10 0.7100 41.8873
0.6 10 0.7000 46.1571
0.61 10 0.7600 48.0263
0.62 10 0.7400 49.4865
0.63 10 0.8700 51.5862
0.64 10 0.8700 50.9310
0.65 10 0.9100 53.5275
0.66 10 0.9300 56.9247
0.67 10 0.9300 55.2688
0.68 10 0.9200 59.5109
0.69 10 0.9800 58.6837
0.7 10 0.9900 62.7172
0.71 10 1.0000 64.2900
0.72 10 0.9900 67.8990
0.73 10 1.0000 69.7100
0.74 10 1.0000 69.2700
0.75 10 1.0000 71.5300
0.76 10 1.0000 73.7600
0.77 10 1.0000 74.8300
0.78 10 1.0000 76.6500
0.79 10 1.0000 78.0500
0.8 10 1.0000 78.7300
0.81 10 1.0000 80.0900
0.82 10 1.0000 80.5300
0.83 10 1.0000 82.1600
0.84 10 1.0000 82.5900
0.85 10 1.0000 84.7300
0.86 10 1.0000 85.3200
0.87 10 1.0000 86.9200
0.88 10 1.0000 87.2600
0.89 10 1.0000 88.2800
0.9 10 1.0000 89.4400
