0.1 86 0.0000 0.0000
0.11 86 0.0000 0.0000
0.12 86 0.0000 0.0000
0.13 86 0.0000 0.0000
0.14 86 0.0000 0.0000
0.15 86 0.0000 0.0000
0.16 86 0.0000 0.0000
0.17 86 0.0000 0.0000
0.18 86 0.0000 0.0000
0.19 86 0.0000 0.0000
0.2 86 0.0000 0.0000
0.21 86 0.0000 0.0000
0.22 86 0.0000 0.0000
0.23 86 0.0000 0.0000
0.24 86 0.0000 0.0000
0.25 86 0.0000 0.0000
0.26 86 0.0000 0.0000
0.27 86 0.0000 0.0000
0.28 86 0.0000 0.0000
0.29 86 0.0000 0.0000
0.3 86 0.0000 0.0000
0.31 86 0.0000 0.0000
0.32 86 0.0000 0.0000
0.33 86 0.0000 0.0000
0.34 86 0.0000 0.0000
0.35 86 0.0000 0.0000
0.36 86 0.0000 0.0000
0.37 86 0.0000 0.0000
0.38 86 0.0000 0.0000
0.39 86 0.0000 0.0000
0.4 86 0.0000 0.0000
0.41 86 0.0000 0.0000
0.42 86 0.0000 0.0000
0.43 86 0.0000 0.0000
0.44 86 0.0000 0.0000
0.45 86 0.0000 0.0000
0.46 86 0.0000 0.0000
0.47 86 0.0000 0.0000
0.48 86 0.0000 0.0000
0.49 86 0.0000 0.0000
0.5 86 0.0000 0.0000
0.51 86 0.0000 0.0000
0.52 86 0.0000 0.0000
0.53 86 0.0000 0.0000
0.54 86 0.0000 0.0000
0.55 86 0.0200 1638.0000
0.56 86 0.0800 1263.2500
0.57 86 0.1600 1822.0000
0.58 86 0.4100 1938.3171
0.59 86 0.5900 2430.1864
0.6 86 0.8900 2607.1348
0.61 86 0.9500 2988.2000
0.62 86 1.0000 3487.2600
0.63 86 1.0000 3881.0500
0.64 86 1.0000 4165.9000
0.65 86 1.0000 4373.4800
0.66 86 1.0000 4561.1200
0.67 86 1.0000 4710.2000
0.68 86 1.0000 4814.6900
0.69 86 1.0000 4943.7300
0.7 86 1.0000 5045.9600
0.71 86 1.0000 5132.9300
0.72 86 1.0000 5245.3500
0.73 86 1.0000 5318.3300
0.74 86 1.0000 5410.7300
0.75 86 1.0000 5490.7800
0.76 86 1.0000 5581.6400
0.77 86 1.0000 5665.9800
0.78 86 1.0000 5741.2200
0.79 86 1.0000 5818.7000
0.8 86 1.0000 5899.7800
0.81 86 1.0000 5977.5900
0.82 86 1.0000 6049.5500
0.83 86 1.0000 6125.7400
0.84 86 1.0000 6207.2200
0.85 86 1.0000 6284.5200
0.86 86 1.0000 6365.6000
0.87 86 1.0000 6430.4700
0.88 86 1.0000 6505.0600
0.89 86 1.0000 6584.8600
0.9 86 1.0000 6653.4000
