0.1 21 0.0000 0.0000
0.11 21 0.0000 0.0000
0.12 21 0.0000 0.0000
0.13 21 0.0000 0.0000
0.14 21 0.0000 0.0000
0.15 21 0.0000 0.0000
0.16 21 0.0000 0.0000
0.17 21 0.0000 0.0000
0.18 21 0.0000 0.0000
0.19 21 0.0000 0.0000
0.2 21 0.0000 0.0000
0.21 21 0.0000 0.0000
0.22 21 0.0000 0.0000
0.23 21 0.0000 0.0000
0.24 21 0.0000 0.0000
0.25 21 0.0000 0.0000
0.26 21 0.0000 0.0000
0.27 21 0.0000 0.0000
0.28 21 0.0000 0.0000
0.29 21 0.0000 0.0000
0.3 21 0.0000 0.0000
0.31 21 0.0000 0.0000
0.32 21 0.0000 0.0000
0.33 21 0.0000 0.0000
0.34 21 0.0000 0.0000
0.35 21 0.0000 0.0000
0.36 21 0.0000 0.0000
0.37 21 0.0000 0.0000
0.38 21 0.0000 0.0000
0.39 21 0.0100 63.0000
0.4 21 0.0000 0.0000
0.41 21 0.0000 0.0000
0.42 21 0.0000 0.0000
0.43 21 0.0000 0.0000
0.44 21 0.0100 76.0000
0.45 21 0.0200 76.5000
0.46 21 0.0300 119.0000
0.47 21 0.0200 77.5000
0.48 21 0.0200 129.5000
0.49 21 0.0800 94.5000
0.5 21 0.0800 111.6250
0.51 21 0.1100 117.3636
0.52 21 0.1200 132.3333
0.53 21 0.1400 117.2857
0.54 21 0.3400 128.6471
0.55 21 0.3800 141.1579
0.56 21 0.4500 135.3111
0.57 21 0.5600 161.9464
0.58 21 0.6400 161.7500
0.59 21 0.6500 171.4308
0.6 21 0.8000 185.7625
0.61 21 0.8100 190.8148
0.62 21 0.8500 191.1647
0.63 21 0.9000 215.5556
0.64 21 0.9500 228.4737
0.65 21 0.9500 235.4947
0.66 21 0.9900 241.3030
0.67 21 0.9800 256.7959
0.68 21 1.0000 271.6700
0.69 21 1.0000 283.9900
0.7 21 0.9900 288.4646
0.71 21 1.0000 293.1600
0.72 21 1.0000 300.4300
0.73 21 1.0000 310.9300
0.74 21 1.0000 315.9700
0.75 21 1.0000 322.9300
0.76 21 1.0000 329.2400
0.77 21 1.0000 333.9500
0.78 21 1.0000 340.2400
0.79 21 1.0000 345.7400
0.8 21 1.0000 349.2000
0.81 21 1.0000 354.0300
0.82 21 1.0000 360.0500
0.83 21 1.0000 365.7700
0.84 21 1.0000 369.8100
0.85 21 1.0000 373.2600
0.86 21 1.0000 378.2300
0.87 21 1.0000 382.2800
0.88 21 1.0000 387.6000
0.89 21 1.0000 392.6400
0.9 21 1.0000 395.6100
