0.1 11 0.0000 0.0000
0.11 11 0.0000 0.0000
0.12 11 0.0000 0.0000
0.13 11 0.0000 0.0000
0.14 11 0.0000 0.0000
0.15 11 0.0000 0.0000
0.16 11 0.0000 0.0000
0.17 11 0.0000 0.0000
0.18 11 0.0000 0.0000
0.19 11 0.0000 0.0000
0.2 11 0.0000 0.0000
0.21 11 0.0000 0.0000
0.22 11 0.0000 0.0000
0.23 11 0.0000 0.0000
0.24 11 0.0000 0.0000
0.25 11 0.0000 0.0000
0.26 11 0.0000 0.0000
0.27 11 0.0000 0.0000
0.28 11 0.0000 0.0000
0.29 11 0.0000 0.0000
0.3 11 0.0000 0.0000
0.31 11 0.0100 25.0000
0.32 11 0.0000 0.0000
0.33 11 0.0000 0.0000
0.34 11 0.0000 0.0000
0.35 11 0.0200 32.5000
0.36 11 0.0100 24.0000
0.37 11 0.0200 22.5000
0.38 11 0.0300 26.6667
0.39 11 0.0200 35.0000
0.4 11 0.0000 0.0000
0.41 11 0.0600 34.8333
0.42 11 0.0300 29.3333
0.43 11 0.0200 33.0000
0.44 11 0.0600 34.0000
0.45 11 0.0900 37.8889
0.46 11 0.1200 32.9167
0.47 11 0.1600 35.3125
0.48 11 0.1600 38.0625
0.49 11 0.2800 37.7500
0.5 11 0.1900 40.8421
0.51 11 0.1900 40.1579
0.52 11 0.3300 42.1212
0.53 11 0.3800 44.0526
0.54 11 0.4900 44.4898
0.55 11 0.4900 46.0408
0.56 11 0.4900 50.3061
0.57 11 0.4900 49.0204
0.58 11 0.6500 53.3692
0.59 11 0.6900 53.9130
0.6 11 0.8700 53.2529
0.61 11 0.8200 59.1341
0.62 11 0.7900 55.2405
0.63 11 0.8500 62.1412
0.64 11 0.8900 64.6292
0.65 11 0.8900 64.4382
0.66 11 0.9000 67.1667
0.67 11 0.9600 72.6562
0.68 11 0.9500 71.2211
0.69 11 0.9800 72.8163
0.7 11 0.9700 76.3196
0.71 11 0.9800 77.6531
0.72 11 0.9900 80.6162
0.73 11 0.9900 81.0505
0.74 11 1.0000 85.4300
0.75 11 1.0000 88.0800
0.76 11 1.0000 89.1700
0.77 11 0.9900 90.9293
0.78 11 1.0000 92.9300
0.79 11 1.0000 92.5900
0.8 11 1.0000 93.6300
0.81 11 1.0000 97.4700
0.82 11 1.0000 98.3300
0.83 11 1.0000 100.0500
0.84 11 1.0000 101.6900
0.85 11 1.0000 103.7000
0.86 11 1.0000 103.5300
0.87 11 1.0000 105.0000
0.88 11 1.0000 106.3000
0.89 11 1.0000 107.1800
0.9 11 1.0000 108.6100
