0.1 92 0.0000 0.0000
0.11 92 0.0000 0.0000
0.12 92 0.0000 0.0000
0.13 92 0.0000 0.0000
0.14 92 0.0000 0.0000
0.15 92 0.0000 0.0000
0.16 92 0.0000 0.0000
0.17 92 0.0000 0.0000
0.18 92 0.0000 0.0000
0.19 92 0.0000 0.0000
0.2 92 0.0000 0.0000
0.21 92 0.0000 0.0000
0.22 92 0.0000 0.0000
0.23 92 0.0000 0.0000
0.24 92 0.0000 0.0000
0.25 92 0.0000 0.0000
0.26 92 0.0000 0.0000
0.27 92 0.0000 0.0000
0.28 92 0.0000 0.0000
0.29 92 0.0000 0.0000
0.3 92 0.0000 0.0000
0.31 92 0.0000 0.0000
0.32 92 0.0000 0.0000
0.33 92 0.0000 0.0000
0.34 92 0.0000 0.0000
0.35 92 0.0000 0.0000
0.36 92 0.0000 0.0000
0.37 92 0.0000 0.0000
0.38 92 0.0000 0.0000
0.39 92 0.0000 0.0000
0.4 92 0.0000 0.0000
0.41 92 0.0000 0.0000
0.42 92 0.0000 0.0000
0.43 92 0.0000 0.0000
0.44 92 0.0000 0.0000
0.45 92 0.0000 0.0000
0.46 92 0.0000 0.0000
0.47 92 0.0000 0.0000
0.48 92 0.0000 0.0000
0.49 92 0.0000 0.0000
0.5 92 0.0000 0.0000
0.51 92 0.0000 0.0000
0.52 92 0.0000 0.0000
0.53 92 0.0000 0.0000
0.54 92 0.0200 1244.0000
0.55 92 0.0100 854.0000
0.56 92 0.0700 1580.5714
0.57 92 0.1900 1933.8947
0.58 92 0.3200 2252.1250
0.59 92 0.5500 2711.1091
0.6 92 0.8900 3077.9663
0.61 92 0.9500 3462.4211
0.62 92 1.0000 3961.1600
0.63 92 1.0000 4511.8100
0.64 92 1.0000 4841.3400
0.65 92 1.0000 5052.5200
0.66 92 1.0000 5235.5400
0.67 92 1.0000 5395.8500
0.68 92 1.0000 5536.5700
0.69 92 1.0000 5649.9300
0.7 92 1.0000 5796.6900
0.71 92 1.0000 5884.9800
0.72 92 1.0000 5998.5100
0.73 92 1.0000 6102.7500
0.74 92 1.0000 6197.6500
0.75 92 1.0000 6292.3100
0.76 92 1.0000 6386.8500
0.77 92 1.0000 6472.3400
0.78 92 1.0000 6572.4000
0.79 92 1.0000 6660.8000
0.8 92 1.0000 6751.6600
0.81 92 1.0000 6842.0600
0.82 92 1.0000 6928.2000
0.83 92 1.0000 7014.8100
0.84 92 1.0000 7101.5500
0.85 92 1.0000 7191.9100
0.86 92 1.0000 7278.5100
0.87 92 1.0000 7358.8700
0.88 92 1.0000 7446.5200
0.89 92 1.0000 7537.7200
0.9 92 1.0000 7615.7900
