0.1 57 0.0000 0.0000
0.11 57 0.0000 0.0000
0.12 57 0.0000 0.0000
0.13 57 0.0000 0.0000
0.14 57 0.0000 0.0000
0.15 57 0.0000 0.0000
0.16 57 0.0000 0.0000
0.17 57 0.0000 0.0000
0.18 57 0.0000 0.0000
0.19 57 0.0000 0.0000
0.2 57 0.0000 0.0000
0.21 57 0.0000 0.0000
0.22 57 0.0000 0.0000
0.23 57 0.0000 0.0000
0.24 57 0.0000 0.0000
0.25 57 0.0000 0.0000
0.26 57 0.0000 0.0000
0.27 57 0.0000 0.0000
0.28 57 0.0000 0.0000
0.29 57 0.0000 0.0000
0.3 57 0.0000 0.0000
0.31 57 0.0000 0.0000
0.32 57 0.0000 0.0000
0.33 57 0.0000 0.0000
0.34 57 0.0000 0.0000
0.35 57 0.0000 0.0000
0.36 57 0.0000 0.0000
0.37 57 0.0000 0.0000
0.38 57 0.0000 0.0000
0.39 57 0.0000 0.0000
0.4 57 0.0000 0.0000
0.41 57 0.0000 0.0000
0.42 57 0.0000 0.0000
0.43 57 0.0000 0.0000
0.44 57 0.0000 0.0000
0.45 57 0.0000 0.0000
0.46 57 0.0000 0.0000
0.47 57 0.0000 0.0000
0.48 57 0.0000 0.0000
0.49 57 0.0000 0.0000
0.5 57 0.0000 0.0000
0.51 57 0.0000 0.0000
0.52 57 0.0000 0.0000
0.53 57 0.0000 0.0000
0.54 57 0.0500 556.2000
0.55 57 0.0900 782.4444
0.56 57 0.1800 790.2778
0.57 57 0.2500 901.6000
0.58 57 0.5000 1004.3200
0.59 57 0.7000 1093.8571
0.6 57 0.8700 1131.1724
0.61 57 0.9100 1364.9341
0.62 57 0.9400 1464.9362
0.63 57 0.9800 1598.5714
0.64 57 0.9900 1792.3030
0.65 57 1.0000 1878.0300
0.66 57 1.0000 1958.6000
0.67 57 1.0000 2014.5500
0.68 57 1.0000 2099.0200
0.69 57 1.0000 2147.3900
0.7 57 1.0000 2206.2900
0.71 57 1.0000 2247.6600
0.72 57 1.0000 2294.6300
0.73 57 1.0000 2333.7100
0.74 57 1.0000 2370.3600
0.75 57 1.0000 2413.9700
0.76 57 1.0000 2443.5800
0.77 57 1.0000 2482.1100
0.78 57 1.0000 2521.4900
0.79 57 1.0000 2556.2800
0.8 57 1.0000 2591.5000
0.81 57 1.0000 2627.6000
0.82 57 1.0000 2655.8700
0.83 57 1.0000 2691.0900
0.84 57 1.0000 2725.0800
0.85 57 1.0000 2758.9400
0.86 57 1.0000 2792.5400
0.87 57 1.0000 2824.3500
0.88 57 1.0000 2856.9000
0.89 57 1.0000 2889.3600
0.9 57 1.0000 2924.7500
