0.1 38 0.0000 0.0000
0.11 38 0.0000 0.0000
0.12 38 0.0000 0.0000
0.13 38 0.0000 0.0000
0.14 38 0.0000 0.0000
0.15 38 0.0000 0.0000
0.16 38 0.0000 0.0000
0.17 38 0.0000 0.0000
0.18 38 0.0000 0.0000
0.19 38 0.0000 0.0000
0.2 38 0.0000 0.0000
0.21 38 0.0000 0.0000
0.22 38 0.0000 0.0000
0.23 38 0.0000 0.0000
0.24 38 0.0000 0.0000
0.25 38 0.0000 0.0000
0.26 38 0.0000 0.0000
0.27 38 0.0000 0.0000
0.28 38 0.0000 0.0000
0.29 38 0.0000 0.0000
0.3 38 0.0000 0.0000
0.31 38 0.0000 0.0000
0.32 38 0.0000 0.0000
0.33 38 0.0000 0.0000
0.34 38 0.0000 0.0000
0.35 38 0.0000 0.0000
0.36 38 0.0000 0.0000
0.37 38 0.0000 0.0000
0.38 38 0.0000 0.0000
0.39 38 0.0000 0.0000
0.4 38 0.0000 0.0000
0.41 38 0.0000 0.0000
0.42 38 0.0000 0.0000
0.43 38 0.0000 0.0000
0.44 38 0.0000 0.0000
0.45 38 0.0000 0.0000
0.46 38 0.0000 0.0000
0.47 38 0.0000 0.0000
0.48 38 0.0000 0.0000
0.49 38 0.0000 0.0000
0.5 38 0.0000 0.0000
0.51 38 0.0200 297.5000
0.52 38 0.0600 289.6667
0.53 38 0.0600 313.3333
0.54 38 0.1000 337.0000
0.55 38 0.2000 376.7000
0.56 38 0.2600 388.6154
0.57 38 0.3500 409.8286
0.58 38 0.4800 484.4375
0.59 38 0.6600 527.5152
0.6 38 0.8200 541.6220
0.61 38 0.8800 597.9205
0.62 38 0.9000 657.2889
0.63 38 0.9800 712.6531
0.64 38 1.0000 772.5000
0.65 38 0.9900 800.6869
0.66 38 1.0000 843.6600
0.67 38 1.0000 876.7400
0.68 38 1.0000 917.2700
0.69 38 1.0000 943.9600
0.7 38 1.0000 969.7500
0.71 38 1.0000 991.4400
0.72 38 1.0000 1014.9400
0.73 38 1.0000 1030.9300
0.74 38 1.0000 1051.5000
0.75 38 1.0000 1065.6900
0.76 38 1.0000 1079.1800
0.77 38 1.0000 1100.1000
0.78 38 1.0000 1118.1300
0.79 38 1.0000 1133.2500
0.8 38 1.0000 1144.9500
0.81 38 1.0000 1167.6800
0.82 38 1.0000 1181.3200
0.83 38 1.0000 1191.9700
0.84 38 1.0000 1211.8900
0.85 38 1.0000 1229.0300
0.86 38 1.0000 1240.7200
0.87 38 1.0000 1252.6900
0.88 38 1.0000 1269.9700
0.89 38 1.0000 1285.5800
0.9 38 1.0000 1299.3200
