0.1 78 0.0000 0.0000
0.11 78 0.0000 0.0000
0.12 78 0.0000 0.0000
0.13 78 0.0000 0.0000
0.14 78 0.0000 0.0000
0.15 78 0.0000 0.0000
0.16 78 0.0000 0.0000
0.17 78 0.0000 0.0000
0.18 78 0.0000 0.0000
0.19 78 0.0000 0.0000
0.2 78 0.0000 0.0000
0.21 78 0.0000 0.0000
0.22 78 0.0000 0.0000
0.23 78 0.0000 0.0000
0.24 78 0.0000 0.0000
0.25 78 0.0000 0.0000
0.26 78 0.0000 0.0000
0.27 78 0.0000 0.0000
0.28 78 0.0000 0.0000
0.29 78 0.0000 0.0000
0.3 78 0.0000 0.0000
0.31 78 0.0000 0.0000
0.32 78 0.0000 0.0000
0.33 78 0.0000 0.0000
0.34 78 0.0000 0.0000
0.35 78 0.0000 0.0000
0.36 78 0.0000 0.0000
0.37 78 0.0000 0.0000
0.38 78 0.0000 0.0000
0.39 78 0.0000 0.0000
0.4 78 0.0000 0.0000
0.41 78 0.0000 0.0000
0.42 78 0.0000 0.0000
0.43 78 0.0000 0.0000
0.44 78 0.0000 0.0000
0.45 78 0.0000 0.0000
0.46 78 0.0000 0.0000
0.47 78 0.0000 0.0000
0.48 78 0.0000 0.0000
0.49 78 0.0000 0.0000
0.5 78 0.0000 0.0000
0.51 78 0.0000 0.0000
0.52 78 0.0000 0.0000
0.53 78 0.0000 0.0000
0.54 78 0.0300 1000.0000
0.55 78 0.0200 1453.5000
0.56 78 0.0800 1338.2500
0.57 78 0.2300 1599.3043
0.58 78 0.4100 1577.9268
0.59 78 0.5900 1817.3729
0.6 78 0.7800 2196.9487
0.61 78 0.9200 2465.3804
0.62 78 0.9700 2897.5052
0.63 78 1.0000 3151.4800
0.64 78 1.0000 3426.0200
0.65 78 1.0000 3618.0200
0.66 78 1.0000 3730.7500
0.67 78 1.0000 3856.8800
0.68 78 1.0000 3958.1700
0.69 78 1.0000 4060.2600
0.7 78 1.0000 4148.9100
0.71 78 1.0000 4228.0600
0.72 78 1.0000 4306.9800
0.73 78 1.0000 4387.7300
0.74 78 1.0000 4446.0100
0.75 78 1.0000 4518.4400
0.76 78 1.0000 4585.6200
0.77 78 1.0000 4653.7100
0.78 78 1.0000 4720.8300
0.79 78 1.0000 4785.2200
0.8 78 1.0000 4849.4800
0.81 78 1.0000 4918.6600
0.82 78 1.0000 4983.6400
0.83 78 1.0000 5042.7800
0.84 78 1.0000 5103.0200
0.85 78 1.0000 5170.6700
0.86 78 1.0000 5235.7600
0.87 78 1.0000 5293.6300
0.88 78 1.0000 5356.6400
0.89 78 1.0000 5411.6800
0.9 78 1.0000 5475.4900
