0.1 54 0.0000 0.0000
0.11 54 0.0000 0.0000
0.12 54 0.0000 0.0000
0.13 54 0.0000 0.0000
0.14 54 0.0000 0.0000
0.15 54 0.0000 0.0000
0.16 54 0.0000 0.0000
0.17 54 0.0000 0.0000
0.18 54 0.0000 0.0000
0.19 54 0.0000 0.0000
0.2 54 0.0000 0.0000
0.21 54 0.0000 0.0000
0.22 54 0.0000 0.0000
0.23 54 0.0000 0.0000
0.24 54 0.0000 0.0000
0.25 54 0.0000 0.0000
0.26 54 0.0000 0.0000
0.27 54 0.0000 0.0000
0.28 54 0.0000 0.0000
0.29 54 0.0000 0.0000
0.3 54 0.0000 0.0000
0.31 54 0.0000 0.0000
0.32 54 0.0000 0.0000
0.33 54 0.0000 0.0000
0.34 54 0.0000 0.0000
0.35 54 0.0000 0.0000
0.36 54 0.0000 0.0000
0.37 54 0.0000 0.0000
0.38 54 0.0000 0.0000
0.39 54 0.0000 0.0000
0.4 54 0.0000 0.0000
0.41 54 0.0000 0.0000
0.42 54 0.0000 0.0000
0.43 54 0.0000 0.0000
0.44 54 0.0000 0.0000
0.45 54 0.0000 0.0000
0.46 54 0.0000 0.0000
0.47 54 0.0000 0.0000
0.48 54 0.0000 0.0000
0.49 54 0.0000 0.0000
0.5 54 0.0000 0.0000
0.51 54 0.0100 388.0000
0.52 54 0.0100 365.0000
0.53 54 0.0300 726.0000
0.54 54 0.0500 541.8000
0.55 54 0.1200 662.8333
0.56 54 0.1800 653.5556
0.57 54 0.2900 767.5172
0.58 54 0.5100 884.5490
0.59 54 0.7200 975.1806
0.6 54 0.7500 1058.8400
0.61 54 0.9300 1186.3763
0.62 54 0.9800 1310.7857
0.63 54 0.9700 1442.7320
0.64 54 0.9900 1589.7980
0.65 54 1.0000 1690.2500
0.66 54 1.0000 1761.5900
0.67 54 1.0000 1824.5300
0.68 54 1.0000 1882.2500
0.69 54 1.0000 1936.4000
0.7 54 1.0000 1979.9100
0.71 54 1.0000 2020.3300
0.72 54 1.0000 2053.9900
0.73 54 1.0000 2100.2800
0.74 54 1.0000 2129.2900
0.75 54 1.0000 2163.2000
0.76 54 1.0000 2197.2800
0.77 54 1.0000 2229.3100
0.78 54 1.0000 2264.0200
0.79 54 1.0000 2290.0400
0.8 54 1.0000 2326.2500
0.81 54 1.0000 2356.1300
0.82 54 1.0000 2383.2700
0.83 54 1.0000 2413.7100
0.84 54 1.0000 2445.9800
0.85 54 1.0000 2481.3400
0.86 54 1.0000 2505.0700
0.87 54 1.0000 2533.3900
0.88 54 1.0000 2564.6700
0.89 54 1.0000 2591.2500
0.9 54 1.0000 2623.9500
