0.1 91 0.0000 0.0000
0.11 91 0.0000 0.0000
0.12 91 0.0000 0.0000
0.13 91 0.0000 0.0000
0.14 91 0.0000 0.0000
0.15 91 0.0000 0.0000
0.16 91 0.0000 0.0000
0.17 91 0.0000 0.0000
0.18 91 0.0000 0.0000
0.19 91 0.0000 0.0000
0.2 91 0.0000 0.0000
0.21 91 0.0000 0.0000
0.22 91 0.0000 0.0000
0.23 91 0.0000 0.0000
0.24 91 0.0000 0.0000
0.25 91 0.0000 0.0000
0.26 91 0.0000 0.0000
0.27 91 0.0000 0.0000
0.28 91 0.0000 0.0000
0.29 91 0.0000 0.0000
0.3 91 0.0000 0.0000
0.31 91 0.0000 0.0000
0.32 91 0.0000 0.0000
0.33 91 0.0000 0.0000
0.34 91 0.0000 0.0000
0.35 91 0.0000 0.0000
0.36 91 0.0000 0.0000
0.37 91 0.0000 0.0000
0.38 91 0.0000 0.0000
0.39 91 0.0000 0.0000
0.4 91 0.0000 0.0000
0.41 91 0.0000 0.0000
0.42 91 0.0000 0.0000
0.43 91 0.0000 0.0000
0.44 91 0.0000 0.0000
0.45 91 0.0000 0.0000
0.46 91 0.0000 0.0000
0.47 91 0.0000 0.0000
0.48 91 0.0000 0.0000
0.49 91 0.0000 0.0000
0.5 91 0.0000 0.0000
0.51 91 0.0000 0.0000
0.52 91 0.0000 0.0000
0.53 91 0.0000 0.0000
0.54 91 0.0100 834.0000
0.55 91 0.0500 1282.4000
0.56 91 0.0700 1647.8571
0.57 91 0.1900 2004.6316
0.58 91 0.3000 2032.5667
0.59 91 0.6200 2429.5806
0.6 91 0.7900 3009.4937
0.61 91 0.9900 3494.0707
0.62 91 0.9900 3922.9697
0.63 91 1.0000 4385.4800
0.64 91 1.0000 4689.0400
0.65 91 1.0000 4928.5800
0.66 91 1.0000 5127.3000
0.67 91 1.0000 5269.6300
0.68 91 1.0000 5415.1500
0.69 91 1.0000 5537.5200
0.7 91 1.0000 5649.8900
0.71 91 1.0000 5760.7300
0.72 91 1.0000 5859.9500
0.73 91 1.0000 5975.4000
0.74 91 1.0000 6071.7900
0.75 91 1.0000 6153.1700
0.76 91 1.0000 6249.6500
0.77 91 1.0000 6343.6300
0.78 91 1.0000 6431.5800
0.79 91 1.0000 6513.3300
0.8 91 1.0000 6604.5100
0.81 91 1.0000 6695.9900
0.82 91 1.0000 6780.1600
0.83 91 1.0000 6859.5000
0.84 91 1.0000 6954.3700
0.85 91 1.0000 7034.1600
0.86 91 1.0000 7124.0800
0.87 91 1.0000 7202.3200
0.88 91 1.0000 7284.7500
0.89 91 1.0000 7372.7900
0.9 91 1.0000 7453.0300
