0.1 24 0.0000 0.0000
0.11 24 0.0000 0.0000
0.12 24 0.0000 0.0000
0.13 24 0.0000 0.0000
0.14 24 0.0000 0.0000
0.15 24 0.0000 0.0000
0.16 24 0.0000 0.0000
0.17 24 0.0000 0.0000
0.18 24 0.0000 0.0000
0.19 24 0.0000 0.0000
0.2 24 0.0000 0.0000
0.21 24 0.0000 0.0000
0.22 24 0.0000 0.0000
0.23 24 0.0000 0.0000
0.24 24 0.0000 0.0000
0.25 24 0.0000 0.0000
0.26 24 0.0000 0.0000
0.27 24 0.0000 0.0000
0.28 24 0.0000 0.0000
0.29 24 0.0000 0.0000
0.3 24 0.0000 0.0000
0.31 24 0.0000 0.0000
0.32 24 0.0000 0.0000
0.33 24 0.0000 0.0000
0.34 24 0.0000 0.0000
0.35 24 0.0000 0.0000
0.36 24 0.0000 0.0000
0.37 24 0.0000 0.0000
0.38 24 0.0000 0.0000
0.39 24 0.0000 0.0000
0.4 24 0.0000 0.0000
0.41 24 0.0000 0.0000
0.42 24 0.0000 0.0000
0.43 24 0.0000 0.0000
0.44 24 0.0100 67.0000
0.45 24 0.0000 0.0000
0.46 24 0.0000 0.0000
0.47 24 0.0100 84.0000
0.48 24 0.0200 94.0000
0.49 24 0.0500 128.8000
0.5 24 0.1100 129.4545
0.51 24 0.0600 107.5000
0.52 24 0.1000 155.9000
0.53 24 0.1600 161.3125
0.54 24 0.2900 158.4483
0.55 24 0.3200 163.6562
0.56 24 0.4100 181.5366
0.57 24 0.4700 191.7447
0.58 24 0.6600 200.8939
0.59 24 0.6300 208.9841
0.6 24 0.7500 236.7733
0.61 24 0.7700 242.9481
0.62 24 0.8800 254.0682
0.63 24 0.9200 280.8043
0.64 24 0.9200 295.1413
0.65 24 0.9600 307.7708
0.66 24 1.0000 325.0400
0.67 24 0.9800 348.6735
0.68 24 0.9900 360.9697
0.69 24 1.0000 370.5200
0.7 24 1.0000 378.3500
0.71 24 1.0000 394.0300
0.72 24 1.0000 395.5900
0.73 24 1.0000 407.3000
0.74 24 1.0000 415.2800
0.75 24 1.0000 426.2100
0.76 24 1.0000 427.2500
0.77 24 1.0000 437.8800
0.78 24 1.0000 446.0600
0.79 24 1.0000 449.6000
0.8 24 1.0000 457.3400
0.81 24 1.0000 463.8400
0.82 24 1.0000 470.1200
0.83 24 1.0000 476.8200
0.84 24 1.0000 483.4000
0.85 24 1.0000 489.8700
0.86 24 1.0000 493.3400
0.87 24 1.0000 500.8200
0.88 24 1.0000 505.4700
0.89 24 1.0000 513.0100
0.9 24 1.0000 517.7300
