0.1 46 0.0000 0.0000
0.11 46 0.0000 0.0000
0.12 46 0.0000 0.0000
0.13 46 0.0000 0.0000
0.14 46 0.0000 0.0000
0.15 46 0.0000 0.0000
0.16 46 0.0000 0.0000
0.17 46 0.0000 0.0000
0.18 46 0.0000 0.0000
0.19 46 0.0000 0.0000
0.2 46 0.0000 0.0000
0.21 46 0.0000 0.0000
0.22 46 0.0000 0.0000
0.23 46 0.0000 0.0000
0.24 46 0.0000 0.0000
0.25 46 0.0000 0.0000
0.26 46 0.0000 0.0000
0.27 46 0.0000 0.0000
0.28 46 0.0000 0.0000
0.29 46 0.0000 0.0000
0.3 46 0.0000 0.0000
0.31 46 0.0000 0.0000
0.32 46 0.0000 0.0000
0.33 46 0.0000 0.0000
0.34 46 0.0000 0.0000
0.35 46 0.0000 0.0000
0.36 46 0.0000 0.0000
0.37 46 0.0000 0.0000
0.38 46 0.0000 0.0000
0.39 46 0.0000 0.0000
0.4 46 0.0000 0.0000
0.41 46 0.0000 0.0000
0.42 46 0.0000 0.0000
0.43 46 0.0000 0.0000
0.44 46 0.0000 0.0000
0.45 46 0.0000 0.0000
0.46 46 0.0000 0.0000
0.47 46 0.0000 0.0000
0.48 46 0.0000 0.0000
0.49 46 0.0000 0.0000
0.5 46 0.0000 0.0000
0.51 46 0.0100 250.0000
0.52 46 0.0100 330.0000
0.53 46 0.0500 425.4000
0.54 46 0.0600 442.8333
0.55 46 0.0700 438.1429
0.56 46 0.2100 652.0952
0.57 46 0.3400 615.2059
0.58 46 0.5200 693.1731
0.59 46 0.6800 738.3824
0.6 46 0.8400 793.4881
0.61 46 0.8400 885.0238
0.62 46 0.9500 980.4842
0.63 46 0.9700 1039.1237
0.64 46 0.9900 1133.5455
0.65 46 1.0000 1189.5300
0.66 46 1.0000 1254.9200
0.67 46 1.0000 1310.0400
0.68 46 1.0000 1350.1800
0.69 46 1.0000 1388.1200
0.7 46 1.0000 1432.0700
0.71 46 1.0000 1463.0000
0.72 46 1.0000 1486.6300
0.73 46 1.0000 1515.8200
0.74 46 1.0000 1542.6200
0.75 46 1.0000 1567.0700
0.76 46 1.0000 1592.4000
0.77 46 1.0000 1615.0500
0.78 46 1.0000 1639.4300
0.79 46 1.0000 1663.1600
0.8 46 1.0000 1684.6400
0.81 46 1.0000 1710.2300
0.82 46 1.0000 1734.8000
0.83 46 1.0000 1749.7100
0.84 46 1.0000 1773.9200
0.85 46 1.0000 1799.9200
0.86 46 1.0000 1819.6200
0.87 46 1.0000 1838.1500
0.88 46 1.0000 1862.0800
0.89 46 1.0000 1883.1000
0.9 46 1.0000 1902.2100
