0.1 35 0.0000 0.0000
0.11 35 0.0000 0.0000
0.12 35 0.0000 0.0000
0.13 35 0.0000 0.0000
0.14 35 0.0000 0.0000
0.15 35 0.0000 0.0000
0.16 35 0.0000 0.0000
0.17 35 0.0000 0.0000
0.18 35 0.0000 0.0000
0.19 35 0.0000 0.0000
0.2 35 0.0000 0.0000
0.21 35 0.0000 0.0000
0.22 35 0.0000 0.0000
0.23 35 0.0000 0.0000
0.24 35 0.0000 0.0000
0.25 35 0.0000 0.0000
0.26 35 0.0000 0.0000
0.27 35 0.0000 0.0000
0.28 35 0.0000 0.0000
0.29 35 0.0000 0.0000
0.3 35 0.0000 0.0000
0.31 35 0.0000 0.0000
0.32 35 0.0000 0.0000
0.33 35 0.0000 0.0000
0.34 35 0.0000 0.0000
0.35 35 0.0000 0.0000
0.36 35 0.0000 0.0000
0.37 35 0.0000 0.0000
0.38 35 0.0000 0.0000
0.39 35 0.0000 0.0000
0.4 35 0.0000 0.0000
0.41 35 0.0000 0.0000
0.42 35 0.0000 0.0000
0.43 35 0.0000 0.0000
0.44 35 0.0000 0.0000
0.45 35 0.0000 0.0000
0.46 35 0.0000 0.0000
0.47 35 0.0000 0.0000
0.48 35 0.0000 0.0000
0.49 35 0.0100 186.0000
0.5 35 0.0100 198.0000
0.51 35 0.0100 313.0000
0.52 35 0.0700 284.7143
0.53 35 0.0600 285.1667
0.54 35 0.1100 287.9091
0.55 35 0.2700 332.1852
0.56 35 0.2900 335.5862
0.57 35 0.4200 360.2857
0.58 35 0.6300 406.6349
0.59 35 0.7500 424.2267
0.6 35 0.7200 474.6806
0.61 35 0.8400 489.5833
0.62 35 0.8600 560.1860
0.63 35 0.9400 601.1064
0.64 35 0.9900 623.6970
0.65 35 0.9800 659.8163
0.66 35 0.9900 717.5960
0.67 35 1.0000 739.7100
0.68 35 1.0000 774.6200
0.69 35 1.0000 803.7400
0.7 35 1.0000 817.0300
0.71 35 1.0000 838.5000
0.72 35 1.0000 857.8900
0.73 35 1.0000 878.0200
0.74 35 1.0000 887.9800
0.75 35 1.0000 902.3300
0.76 35 1.0000 920.0200
0.77 35 1.0000 935.1500
0.78 35 1.0000 942.5800
0.79 35 1.0000 962.6200
0.8 35 1.0000 974.3900
0.81 35 1.0000 987.1600
0.82 35 1.0000 1002.5600
0.83 35 1.0000 1014.2900
0.84 35 1.0000 1026.5500
0.85 35 1.0000 1040.1200
0.86 35 1.0000 1052.9400
0.87 35 1.0000 1064.8200
0.88 35 1.0000 1076.1000
0.89 35 1.0000 1090.9300
0.9 35 1.0000 1101.4200
