0.1 81 0.0000 0.0000
0.11 81 0.0000 0.0000
0.12 81 0.0000 0.0000
0.13 81 0.0000 0.0000
0.14 81 0.0000 0.0000
0.15 81 0.0000 0.0000
0.16 81 0.0000 0.0000
0.17 81 0.0000 0.0000
0.18 81 0.0000 0.0000
0.19 81 0.0000 0.0000
0.2 81 0.0000 0.0000
0.21 81 0.0000 0.0000
0.22 81 0.0000 0.0000
0.23 81 0.0000 0.0000
0.24 81 0.0000 0.0000
0.25 81 0.0000 0.0000
0.26 81 0.0000 0.0000
0.27 81 0.0000 0.0000
0.28 81 0.0000 0.0000
0.29 81 0.0000 0.0000
0.3 81 0.0000 0.0000
0.31 81 0.0000 0.0000
0.32 81 0.0000 0.0000
0.33 81 0.0000 0.0000
0.34 81 0.0000 0.0000
0.35 81 0.0000 0.0000
0.36 81 0.0000 0.0000
0.37 81 0.0000 0.0000
0.38 81 0.0000 0.0000
0.39 81 0.0000 0.0000
0.4 81 0.0000 0.0000
0.41 81 0.0000 0.0000
0.42 81 0.0000 0.0000
0.43 81 0.0000 0.0000
0.44 81 0.0000 0.0000
0.45 81 0.0000 0.0000
0.46 81 0.0000 0.0000
0.47 81 0.0000 0.0000
0.48 81 0.0000 0.0000
0.49 81 0.0000 0.0000
0.5 81 0.0000 0.0000
0.51 81 0.0000 0.0000
0.52 81 0.0000 0.0000
0.53 81 0.0100 641.0000
0.54 81 0.0100 821.0000
0.55 81 0.0200 1123.5000
0.56 81 0.1000 1490.6000
0.57 81 0.2000 1434.0500
0.58 81 0.3900 1860.7179
0.59 81 0.6400 2064.8906
0.6 81 0.8300 2372.7831
0.61 81 0.9200 2647.3587
0.62 81 1.0000 3053.6900
0.63 81 1.0000 3495.8300
0.64 81 1.0000 3677.1600
0.65 81 1.0000 3904.8800
0.66 81 1.0000 4043.1100
0.67 81 1.0000 4170.0000
0.68 81 1.0000 4277.1300
0.69 81 1.0000 4384.5900
0.7 81 1.0000 4473.6400
0.71 81 1.0000 4560.0700
0.72 81 1.0000 4644.1900
0.73 81 1.0000 4715.6500
0.74 81 1.0000 4804.0400
0.75 81 1.0000 4880.2300
0.76 81 1.0000 4948.3000
0.77 81 1.0000 5019.2300
0.78 81 1.0000 5093.0200
0.79 81 1.0000 5166.6000
0.8 81 1.0000 5230.8300
0.81 81 1.0000 5302.7400
0.82 81 1.0000 5371.7500
0.83 81 1.0000 5435.9700
0.84 81 1.0000 5499.8200
0.85 81 1.0000 5571.2200
0.86 81 1.0000 5641.4400
0.87 81 1.0000 5709.1300
0.88 81 1.0000 5768.0400
0.89 81 1.0000 5840.4900
0.9 81 1.0000 5904.8600
