0.1 30 0.0000 0.0000
0.11 30 0.0000 0.0000
0.12 30 0.0000 0.0000
0.13 30 0.0000 0.0000
0.14 30 0.0000 0.0000
0.15 30 0.0000 0.0000
0.16 30 0.0000 0.0000
0.17 30 0.0000 0.0000
0.18 30 0.0000 0.0000
0.19 30 0.0000 0.0000
0.2 30 0.0000 0.0000
0.21 30 0.0000 0.0000
0.22 30 0.0000 0.0000
0.23 30 0.0000 0.0000
0.24 30 0.0000 0.0000
0.25 30 0.0000 0.0000
0.26 30 0.0000 0.0000
0.27 30 0.0000 0.0000
0.28 30 0.0000 0.0000
0.29 30 0.0000 0.0000
0.3 30 0.0000 0.0000
0.31 30 0.0000 0.0000
0.32 30 0.0000 0.0000
0.33 30 0.0000 0.0000
0.34 30 0.0000 0.0000
0.35 30 0.0000 0.0000
0.36 30 0.0000 0.0000
0.37 30 0.0000 0.0000
0.38 30 0.0000 0.0000
0.39 30 0.0000 0.0000
0.4 30 0.0000 0.0000
0.41 30 0.0000 0.0000
0.42 30 0.0000 0.0000
0.43 30 0.0000 0.0000
0.44 30 0.0000 0.0000
0.45 30 0.0000 0.0000
0.46 30 0.0000 0.0000
0.47 30 0.0000 0.0000
0.48 30 0.0200 127.5000
0.49 30 0.0200 124.0000
0.5 30 0.0300 184.0000
0.51 30 0.0300 203.0000
0.52 30 0.0600 226.1667
0.53 30 0.1300 250.7692
0.54 30 0.1200 208.5000
0.55 30 0.2500 254.1200
0.56 30 0.3500 268.8000
0.57 30 0.4600 284.3913
0.58 30 0.5400 292.9074
0.59 30 0.6500 327.9385
0.6 30 0.7600 366.5132
0.61 30 0.8100 346.0864
0.62 30 0.8600 408.7558
0.63 30 0.9000 442.3444
0.64 30 0.9600 445.5104
0.65 30 0.9900 482.7980
0.66 30 0.9900 504.8485
0.67 30 0.9900 534.2222
0.68 30 1.0000 564.4200
0.69 30 1.0000 582.4700
0.7 30 0.9900 599.1616
0.71 30 1.0000 611.0300
0.72 30 1.0000 630.6800
0.73 30 1.0000 637.5000
0.74 30 1.0000 655.1800
0.75 30 1.0000 664.0300
0.76 30 1.0000 675.4500
0.77 30 1.0000 687.2600
0.78 30 1.0000 697.8000
0.79 30 1.0000 704.0500
0.8 30 1.0000 714.9200
0.81 30 1.0000 726.1800
0.82 30 1.0000 734.6700
0.83 30 1.0000 745.0200
0.84 30 1.0000 755.0700
0.85 30 1.0000 763.8700
0.86 30 1.0000 772.7700
0.87 30 1.0000 780.2900
0.88 30 1.0000 791.0600
0.89 30 1.0000 800.9900
0.9 30 1.0000 808.9100
