0.1 34 0.0000 0.0000
0.11 34 0.0000 0.0000
0.12 34 0.0000 0.0000
0.13 34 0.0000 0.0000
0.14 34 0.0000 0.0000
0.15 34 0.0000 0.0000
0.16 34 0.0000 0.0000
0.17 34 0.0000 0.0000
0.18 34 0.0000 0.0000
0.19 34 0.0000 0.0000
0.2 34 0.0000 0.0000
0.21 34 0.0000 0.0000
0.22 34 0.0000 0.0000
0.23 34 0.0000 0.0000
0.24 34 0.0000 0.0000
0.25 34 0.0000 0.0000
0.26 34 0.0000 0.0000
0.27 34 0.0000 0.0000
0.28 34 0.0000 0.0000
0.29 34 0.0000 0.0000
0.3 34 0.0000 0.0000
0.31 34 0.0000 0.0000
0.32 34 0.0000 0.0000
0.33 34 0.0000 0.0000
0.34 34 0.0000 0.0000
0.35 34 0.0000 0.0000
0.36 34 0.0000 0.0000
0.37 34 0.0000 0.0000
0.38 34 0.0000 0.0000
0.39 34 0.0000 0.0000
0.4 34 0.0000 0.0000
0.41 34 0.0000 0.0000
0.42 34 0.0000 0.0000
0.43 34 0.0000 0.0000
0.44 34 0.0000 0.0000
0.45 34 0.0000 0.0000
0.46 34 0.0000 0.0000
0.47 34 0.0100 157.0000
0.48 34 0.0000 0.0000
0.49 34 0.0000 0.0000
0.5 34 0.0300 240.3333
0.51 34 0.0200 177.5000
0.52 34 0.0700 258.1429
0.53 34 0.1300 258.9231
0.54 34 0.1800 305.5000
0.55 34 0.3100 293.9032
0.56 34 0.3400 352.4118
0.57 34 0.5300 327.6981
0.58 34 0.6400 363.2500
0.59 34 0.6500 417.3846
0.6 34 0.7400 466.0000
0.61 34 0.8500 475.8353
0.62 34 0.9400 518.7340
0.63 34 0.9200 551.9565
0.64 34 0.9700 602.7113
0.65 34 1.0000 642.4700
0.66 34 0.9900 658.2222
0.67 34 1.0000 703.0100
0.68 34 1.0000 733.7200
0.69 34 1.0000 753.7200
0.7 34 1.0000 771.0200
0.71 34 1.0000 786.3700
0.72 34 1.0000 801.6700
0.73 34 1.0000 824.9600
0.74 34 1.0000 841.2000
0.75 34 1.0000 854.0100
0.76 34 1.0000 866.4800
0.77 34 1.0000 880.9500
0.78 34 1.0000 891.4400
0.79 34 1.0000 905.7200
0.8 34 1.0000 920.2400
0.81 34 1.0000 934.6200
0.82 34 1.0000 943.2400
0.83 34 1.0000 955.2100
0.84 34 1.0000 969.1900
0.85 34 1.0000 984.2600
0.86 34 1.0000 993.5500
0.87 34 1.0000 1005.8700
0.88 34 1.0000 1017.3200
0.89 34 1.0000 1028.4900
0.9 34 1.0000 1040.4800
