0.1 95 0.0000 0.0000
0.11 95 0.0000 0.0000
0.12 95 0.0000 0.0000
0.13 95 0.0000 0.0000
0.14 95 0.0000 0.0000
0.15 95 0.0000 0.0000
0.16 95 0.0000 0.0000
0.17 95 0.0000 0.0000
0.18 95 0.0000 0.0000
0.19 95 0.0000 0.0000
0.2 95 0.0000 0.0000
0.21 95 0.0000 0.0000
0.22 95 0.0000 0.0000
0.23 95 0.0000 0.0000
0.24 95 0.0000 0.0000
0.25 95 0.0000 0.0000
0.26 95 0.0000 0.0000
0.27 95 0.0000 0.0000
0.28 95 0.0000 0.0000
0.29 95 0.0000 0.0000
0.3 95 0.0000 0.0000
0.31 95 0.0000 0.0000
0.32 95 0.0000 0.0000
0.33 95 0.0000 0.0000
0.34 95 0.0000 0.0000
0.35 95 0.0000 0.0000
0.36 95 0.0000 0.0000
0.37 95 0.0000 0.0000
0.38 95 0.0000 0.0000
0.39 95 0.0000 0.0000
0.4 95 0.0000 0.0000
0.41 95 0.0000 0.0000
0.42 95 0.0000 0.0000
0.43 95 0.0000 0.0000
0.44 95 0.0000 0.0000
0.45 95 0.0000 0.0000
0.46 95 0.0000 0.0000
0.47 95 0.0000 0.0000
0.48 95 0.0000 0.0000
0.49 95 0.0000 0.0000
0.5 95 0.0000 0.0000
0.51 95 0.0000 0.0000
0.52 95 0.0000 0.0000
0.53 95 0.0000 0.0000
0.54 95 0.0000 0.0000
0.55 95 0.0100 2302.0000
0.56 95 0.0600 1367.0000
0.57 95 0.1200 1937.7500
0.58 95 0.3100 2690.0000
0.59 95 0.6900 2825.5217
0.6 95 0.7800 3294.5513
0.61 95 0.9700 3830.1443
0.62 95 1.0000 4379.6300
0.63 95 1.0000 4833.7200
0.64 95 1.0000 5158.3900
0.65 95 1.0000 5390.9000
0.66 95 1.0000 5579.2300
0.67 95 1.0000 5750.1700
0.68 95 1.0000 5890.8800
0.69 95 1.0000 6032.7400
0.7 95 1.0000 6151.3600
0.71 95 1.0000 6274.6400
0.72 95 1.0000 6398.2600
0.73 95 1.0000 6506.6600
0.74 95 1.0000 6612.7100
0.75 95 1.0000 6716.6600
0.76 95 1.0000 6815.1500
0.77 95 1.0000 6904.8900
0.78 95 1.0000 7006.4900
0.79 95 1.0000 7107.1300
0.8 95 1.0000 7187.9500
0.81 95 1.0000 7296.4900
0.82 95 1.0000 7383.3100
0.83 95 1.0000 7483.6500
0.84 95 1.0000 7563.2700
0.85 95 1.0000 7663.9300
0.86 95 1.0000 7755.1000
0.87 95 1.0000 7847.1800
0.88 95 1.0000 7936.7800
0.89 95 1.0000 8031.1300
0.9 95 1.0000 8116.7600
