0.1 93 0.0000 0.0000
0.11 93 0.0000 0.0000
0.12 93 0.0000 0.0000
0.13 93 0.0000 0.0000
0.14 93 0.0000 0.0000
0.15 93 0.0000 0.0000
0.16 93 0.0000 0.0000
0.17 93 0.0000 0.0000
0.18 93 0.0000 0.0000
0.19 93 0.0000 0.0000
0.2 93 0.0000 0.0000
0.21 93 0.0000 0.0000
0.22 93 0.0000 0.0000
0.23 93 0.0000 0.0000
0.24 93 0.0000 0.0000
0.25 93 0.0000 0.0000
0.26 93 0.0000 0.0000
0.27 93 0.0000 0.0000
0.28 93 0.0000 0.0000
0.29 93 0.0000 0.0000
0.3 93 0.0000 0.0000
0.31 93 0.0000 0.0000
0.32 93 0.0000 0.0000
0.33 93 0.0000 0.0000
0.34 93 0.0000 0.0000
0.35 93 0.0000 0.0000
0.36 93 0.0000 0.0000
0.37 93 0.0000 0.0000
0.38 93 0.0000 0.0000
0.39 93 0.0000 0.0000
0.4 93 0.0000 0.0000
0.41 93 0.0000 0.0000
0.42 93 0.0000 0.0000
0.43 93 0.0000 0.0000
0.44 93 0.0000 0.0000
0.45 93 0.0000 0.0000
0.46 93 0.0000 0.0000
0.47 93 0.0000 0.0000
0.48 93 0.0000 0.0000
0.49 93 0.0000 0.0000
0.5 93 0.0000 0.0000
0.51 93 0.0000 0.0000
0.52 93 0.0000 0.0000
0.53 93 0.0000 0.0000
0.54 93 0.0100 1604.0000
0.55 93 0.0100 1569.0000
0.56 93 0.0300 1752.3333
0.57 93 0.1300 2180.3077
0.58 93 0.4400 2123.9091
0.59 93 0.6200 2799.8387
0.6 93 0.7900 3019.1519
0.61 93 0.9600 3519.7396
0.62 93 1.0000 4177.5500
0.63 93 1.0000 4609.9800
0.64 93 1.0000 4895.2500
0.65 93 1.0000 5170.4100
0.66 93 1.0000 5360.8400
0.67 93 1.0000 5511.4800
0.68 93 1.0000 5647.8900
0.69 93 1.0000 5790.0600
0.7 93 1.0000 5911.9400
0.71 93 1.0000 6018.2100
0.72 93 1.0000 6122.9400
0.73 93 1.0000 6239.2900
0.74 93 1.0000 6336.1300
0.75 93 1.0000 6429.0100
0.76 93 1.0000 6529.2400
0.77 93 1.0000 6620.6200
0.78 93 1.0000 6715.8600
0.79 93 1.0000 6813.8100
0.8 93 1.0000 6897.7000
0.81 93 1.0000 6991.3000
0.82 93 1.0000 7079.0800
0.83 93 1.0000 7162.6500
0.84 93 1.0000 7260.7600
0.85 93 1.0000 7340.2200
0.86 93 1.0000 7434.1800
0.87 93 1.0000 7522.0100
0.88 93 1.0000 7612.3000
0.89 93 1.0000 7699.1200
0.9 93 1.0000 7781.2400
