0.1 98 0.0000 0.0000
0.11 98 0.0000 0.0000
0.12 98 0.0000 0.0000
0.13 98 0.0000 0.0000
0.14 98 0.0000 0.0000
0.15 98 0.0000 0.0000
0.16 98 0.0000 0.0000
0.17 98 0.0000 0.0000
0.18 98 0.0000 0.0000
0.19 98 0.0000 0.0000
0.2 98 0.0000 0.0000
0.21 98 0.0000 0.0000
0.22 98 0.0000 0.0000
0.23 98 0.0000 0.0000
0.24 98 0.0000 0.0000
0.25 98 0.0000 0.0000
0.26 98 0.0000 0.0000
0.27 98 0.0000 0.0000
0.28 98 0.0000 0.0000
0.29 98 0.0000 0.0000
0.3 98 0.0000 0.0000
0.31 98 0.0000 0.0000
0.32 98 0.0000 0.0000
0.33 98 0.0000 0.0000
0.34 98 0.0000 0.0000
0.35 98 0.0000 0.0000
0.36 98 0.0000 0.0000
0.37 98 0.0000 0.0000
0.38 98 0.0000 0.0000
0.39 98 0.0000 0.0000
0.4 98 0.0000 0.0000
0.41 98 0.0000 0.0000
0.42 98 0.0000 0.0000
0.43 98 0.0000 0.0000
0.44 98 0.0000 0.0000
0.45 98 0.0000 0.0000
0.46 98 0.0000 0.0000
0.47 98 0.0000 0.0000
0.48 98 0.0000 0.0000
0.49 98 0.0000 0.0000
0.5 98 0.0000 0.0000
0.51 98 0.0000 0.0000
0.52 98 0.0000 0.0000
0.53 98 0.0000 0.0000
0.54 98 0.0000 0.0000
0.55 98 0.0200 869.5000
0.56 98 0.0300 2191.0000
0.57 98 0.2200 2040.5455
0.58 98 0.3400 2456.8824
0.59 98 0.5900 2877.7966
0.6 98 0.8300 3489.6024
0.61 98 0.9500 4064.5158
0.62 98 0.9700 4852.3093
0.63 98 1.0000 5166.5300
0.64 98 1.0000 5540.1100
0.65 98 1.0000 5732.0400
0.66 98 1.0000 5967.1000
0.67 98 1.0000 6090.1000
0.68 98 1.0000 6282.2700
0.69 98 1.0000 6433.2500
0.7 98 1.0000 6571.2600
0.71 98 1.0000 6687.0400
0.72 98 1.0000 6807.6300
0.73 98 1.0000 6923.3500
0.74 98 1.0000 7015.3900
0.75 98 1.0000 7140.2600
0.76 98 1.0000 7245.6100
0.77 98 1.0000 7356.1900
0.78 98 1.0000 7446.7800
0.79 98 1.0000 7564.0400
0.8 98 1.0000 7655.4100
0.81 98 1.0000 7768.4800
0.82 98 1.0000 7866.9800
0.83 98 1.0000 7960.5700
0.84 98 1.0000 8055.4000
0.85 98 1.0000 8154.7600
0.86 98 1.0000 8258.0300
0.87 98 1.0000 8352.5400
0.88 98 1.0000 8450.0600
0.89 98 1.0000 8546.5900
0.9 98 1.0000 8645.8600
