0.1 71 0.0000 0.0000
0.11 71 0.0000 0.0000
0.12 71 0.0000 0.0000
0.13 71 0.0000 0.0000
0.14 71 0.0000 0.0000
0.15 71 0.0000 0.0000
0.16 71 0.0000 0.0000
0.17 71 0.0000 0.0000
0.18 71 0.0000 0.0000
0.19 71 0.0000 0.0000
0.2 71 0.0000 0.0000
0.21 71 0.0000 0.0000
0.22 71 0.0000 0.0000
0.23 71 0.0000 0.0000
0.24 71 0.0000 0.0000
0.25 71 0.0000 0.0000
0.26 71 0.0000 0.0000
0.27 71 0.0000 0.0000
0.28 71 0.0000 0.0000
0.29 71 0.0000 0.0000
0.3 71 0.0000 0.0000
0.31 71 0.0000 0.0000
0.32 71 0.0000 0.0000
0.33 71 0.0000 0.0000
0.34 71 0.0000 0.0000
0.35 71 0.0000 0.0000
0.36 71 0.0000 0.0000
0.37 71 0.0000 0.0000
0.38 71 0.0000 0.0000
0.39 71 0.0000 0.0000
0.4 71 0.0000 0.0000
0.41 71 0.0000 0.0000
0.42 71 0.0000 0.0000
0.43 71 0.0000 0.0000
0.44 71 0.0000 0.0000
0.45 71 0.0000 0.0000
0.46 71 0.0000 0.0000
0.47 71 0.0000 0.0000
0.48 71 0.0000 0.0000
0.49 71 0.0000 0.0000
0.5 71 0.0000 0.0000
0.51 71 0.0000 0.0000
0.52 71 0.0000 0.0000
0.53 71 0.0100 552.0000
0.54 71 0.0200 843.5000
0.55 71 0.0600 1137.6667
0.56 71 0.1500 1109.1333
0.57 71 0.3600 1294.8889
0.58 71 0.5100 1400.5882
0.59 71 0.6100 1638.9180
0.6 71 0.8400 1876.4286
0.61 71 0.9300 2075.2473
0.62 71 0.9400 2493.4681
0.63 71 0.9900 2635.6263
0.64 71 1.0000 2793.8100
0.65 71 1.0000 2971.0400
0.66 71 1.0000 3073.0200
0.67 71 1.0000 3189.0600
0.68 71 1.0000 3286.7700
0.69 71 1.0000 3359.3000
0.7 71 1.0000 3426.9800
0.71 71 1.0000 3500.0900
0.72 71 1.0000 3553.2300
0.73 71 1.0000 3628.2100
0.74 71 1.0000 3680.3900
0.75 71 1.0000 3748.6700
0.76 71 1.0000 3800.3300
0.77 71 1.0000 3861.0900
0.78 71 1.0000 3913.8900
0.79 71 1.0000 3966.0700
0.8 71 1.0000 4024.3600
0.81 71 1.0000 4069.8800
0.82 71 1.0000 4126.2100
0.83 71 1.0000 4181.1500
0.84 71 1.0000 4228.0800
0.85 71 1.0000 4277.4000
0.86 71 1.0000 4331.2900
0.87 71 1.0000 4386.3100
0.88 71 1.0000 4437.6500
0.89 71 1.0000 4485.0000
0.9 71 1.0000 4534.2900
