0.1 47 0.0000 0.0000
0.11 47 0.0000 0.0000
0.12 47 0.0000 0.0000
0.13 47 0.0000 0.0000
0.14 47 0.0000 0.0000
0.15 47 0.0000 0.0000
0.16 47 0.0000 0.0000
0.17 47 0.0000 0.0000
0.18 47 0.0000 0.0000
0.19 47 0.0000 0.0000
0.2 47 0.0000 0.0000
0.21 47 0.0000 0.0000
0.22 47 0.0000 0.0000
0.23 47 0.0000 0.0000
0.24 47 0.0000 0.0000
0.25 47 0.0000 0.0000
0.26 47 0.0000 0.0000
0.27 47 0.0000 0.0000
0.28 47 0.0000 0.0000
0.29 47 0.0000 0.0000
0.3 47 0.0000 0.0000
0.31 47 0.0000 0.0000
0.32 47 0.0000 0.0000
0.33 47 0.0000 0.0000
0.34 47 0.0000 0.0000
0.35 47 0.0000 0.0000
0.36 47 0.0000 0.0000
0.37 47 0.0000 0.0000
0.38 47 0.0000 0.0000
0.39 47 0.0000 0.0000
0.4 47 0.0000 0.0000
0.41 47 0.0000 0.0000
0.42 47 0.0000 0.0000
0.43 47 0.0000 0.0000
0.44 47 0.0000 0.0000
0.45 47 0.0000 0.0000
0.46 47 0.0000 0.0000
0.47 47 0.0000 0.0000
0.48 47 0.0000 0.0000
0.49 47 0.0000 0.0000
0.5 47 0.0000 0.0000
0.51 47 0.0000 0.0000
0.52 47 0.0100 637.0000
0.53 47 0.0300 460.3333
0.54 47 0.0800 485.2500
0.55 47 0.1600 511.3750
0.56 47 0.2200 522.5909
0.57 47 0.4000 633.8500
0.58 47 0.5200 677.3077
0.59 47 0.6500 716.5692
0.6 47 0.8200 853.3293
0.61 47 0.8900 893.6966
0.62 47 0.9400 1009.8404
0.63 47 0.9800 1121.0000
0.64 47 0.9900 1183.3232
0.65 47 1.0000 1263.0100
0.66 47 1.0000 1308.8400
0.67 47 1.0000 1362.3800
0.68 47 1.0000 1421.8900
0.69 47 1.0000 1455.0000
0.7 47 1.0000 1490.5700
0.71 47 1.0000 1522.5100
0.72 47 1.0000 1551.1100
0.73 47 1.0000 1582.1500
0.74 47 1.0000 1609.3800
0.75 47 1.0000 1637.1000
0.76 47 1.0000 1666.4800
0.77 47 1.0000 1685.9300
0.78 47 1.0000 1713.8700
0.79 47 1.0000 1735.5800
0.8 47 1.0000 1759.3200
0.81 47 1.0000 1781.7900
0.82 47 1.0000 1804.5400
0.83 47 1.0000 1831.4500
0.84 47 1.0000 1851.7000
0.85 47 1.0000 1877.6300
0.86 47 1.0000 1899.3300
0.87 47 1.0000 1920.2400
0.88 47 1.0000 1942.2200
0.89 47 1.0000 1964.2500
0.9 47 1.0000 1984.3600
