0.1 14 0.0000 0.0000
0.11 14 0.0000 0.0000
0.12 14 0.0000 0.0000
0.13 14 0.0000 0.0000
0.14 14 0.0000 0.0000
0.15 14 0.0000 0.0000
0.16 14 0.0000 0.0000
0.17 14 0.0000 0.0000
0.18 14 0.0000 0.0000
0.19 14 0.0000 0.0000
0.2 14 0.0000 0.0000
0.21 14 0.0000 0.0000
0.22 14 0.0000 0.0000
0.23 14 0.0000 0.0000
0.24 14 0.0000 0.0000
0.25 14 0.0000 0.0000
0.26 14 0.0000 0.0000
0.27 14 0.0000 0.0000
0.28 14 0.0000 0.0000
0.29 14 0.0000 0.0000
0.3 14 0.0000 0.0000
0.31 14 0.0000 0.0000
0.32 14 0.0000 0.0000
0.33 14 0.0000 0.0000
0.34 14 0.0000 0.0000
0.35 14 0.0000 0.0000
0.36 14 0.0000 0.0000
0.37 14 0.0000 0.0000
0.38 14 0.0100 55.0000
0.39 14 0.0000 0.0000
0.4 14 0.0000 0.0000
0.41 14 0.0100 44.0000
0.42 14 0.0000 0.0000
0.43 14 0.0300 40.3333
0.44 14 0.0300 45.0000
0.45 14 0.0900 50.8889
0.46 14 0.0800 56.1250
0.47 14 0.1100 54.6364
0.48 14 0.1600 61.0625
0.49 14 0.1500 62.0000
0.5 14 0.2100 58.2857
0.51 14 0.2600 62.6154
0.52 14 0.3000 67.7333
0.53 14 0.3100 60.5484
0.54 14 0.3000 64.8333
0.55 14 0.5300 73.6792
0.56 14 0.4900 70.3878
0.57 14 0.6200 75.6613
0.58 14 0.5400 72.2407
0.59 14 0.6000 79.8667
0.6 14 0.7000 90.0571
0.61 14 0.7500 91.1867
0.62 14 0.7600 86.6974
0.63 14 0.8700 91.5747
0.64 14 0.8400 104.5000
0.65 14 0.9100 107.8791
0.66 14 0.9700 110.2680
0.67 14 0.9200 110.5326
0.68 14 0.9800 117.4184
0.69 14 0.9900 122.2121
0.7 14 0.9900 122.2727
0.71 14 1.0000 128.2200
0.72 14 0.9900 132.5556
0.73 14 1.0000 138.3900
0.74 14 1.0000 139.0400
0.75 14 1.0000 141.5600
0.76 14 0.9900 143.7374
0.77 14 1.0000 147.2100
0.78 14 1.0000 150.1500
0.79 14 1.0000 152.9800
0.8 14 1.0000 154.6500
0.81 14 1.0000 157.1600
0.82 14 1.0000 159.5300
0.83 14 1.0000 161.5600
0.84 14 1.0000 162.5200
0.85 14 1.0000 166.4600
0.86 14 1.0000 167.5900
0.87 14 1.0000 170.3700
0.88 14 1.0000 171.5700
0.89 14 1.0000 174.1700
0.9 14 1.0000 176.8200
