0.1 67 0.0000 0.0000
0.11 67 0.0000 0.0000
0.12 67 0.0000 0.0000
0.13 67 0.0000 0.0000
0.14 67 0.0000 0.0000
0.15 67 0.0000 0.0000
0.16 67 0.0000 0.0000
0.17 67 0.0000 0.0000
0.18 67 0.0000 0.0000
0.19 67 0.0000 0.0000
0.2 67 0.0000 0.0000
0.21 67 0.0000 0.0000
0.22 67 0.0000 0.0000
0.23 67 0.0000 0.0000
0.24 67 0.0000 0.0000
0.25 67 0.0000 0.0000
0.26 67 0.0000 0.0000
0.27 67 0.0000 0.0000
0.28 67 0.0000 0.0000
0.29 67 0.0000 0.0000
0.3 67 0.0000 0.0000
0.31 67 0.0000 0.0000
0.32 67 0.0000 0.0000
0.33 67 0.0000 0.0000
0.34 67 0.0000 0.0000
0.35 67 0.0000 0.0000
0.36 67 0.0000 0.0000
0.37 67 0.0000 0.0000
0.38 67 0.0000 0.0000
0.39 67 0.0000 0.0000
0.4 67 0.0000 0.0000
0.41 67 0.0000 0.0000
0.42 67 0.0000 0.0000
0.43 67 0.0000 0.0000
0.44 67 0.0000 0.0000
0.45 67 0.0000 0.0000
0.46 67 0.0000 0.0000
0.47 67 0.0000 0.0000
0.48 67 0.0000 0.0000
0.49 67 0.0000 0.0000
0.5 67 0.0000 0.0000
0.51 67 0.0000 0.0000
0.52 67 0.0000 0.0000
0.53 67 0.0100 455.0000
0.54 67 0.0200 835.0000
0.55 67 0.0600 810.5000
0.56 67 0.1300 1038.4615
0.57 67 0.3200 1111.1250
0.58 67 0.4700 1350.2979
0.59 67 0.5600 1483.4643
0.6 67 0.8100 1627.1358
0.61 67 0.9400 1815.9894
0.62 67 0.9500 2038.7053
0.63 67 1.0000 2271.6100
0.64 67 1.0000 2442.4000
0.65 67 1.0000 2623.7200
0.66 67 1.0000 2737.1000
0.67 67 1.0000 2816.0300
0.68 67 1.0000 2905.5100
0.69 67 1.0000 2990.5500
0.7 67 1.0000 3063.4200
0.71 67 1.0000 3115.9800
0.72 67 1.0000 3166.9300
0.73 67 1.0000 3230.6000
0.74 67 1.0000 3279.0000
0.75 67 1.0000 3337.1000
0.76 67 1.0000 3389.1200
0.77 67 1.0000 3432.4200
0.78 67 1.0000 3485.3500
0.79 67 1.0000 3531.9500
0.8 67 1.0000 3579.5800
0.81 67 1.0000 3626.3600
0.82 67 1.0000 3673.6300
0.83 67 1.0000 3718.7500
0.84 67 1.0000 3770.1700
0.85 67 1.0000 3812.8600
0.86 67 1.0000 3860.7500
0.87 67 1.0000 3904.5100
0.88 67 1.0000 3946.5400
0.89 67 1.0000 3996.3700
0.9 67 1.0000 4038.8500
