0.1 97 0.0000 0.0000
0.11 97 0.0000 0.0000
0.12 97 0.0000 0.0000
0.13 97 0.0000 0.0000
0.14 97 0.0000 0.0000
0.15 97 0.0000 0.0000
0.16 97 0.0000 0.0000
0.17 97 0.0000 0.0000
0.18 97 0.0000 0.0000
0.19 97 0.0000 0.0000
0.2 97 0.0000 0.0000
0.21 97 0.0000 0.0000
0.22 97 0.0000 0.0000
0.23 97 0.0000 0.0000
0.24 97 0.0000 0.0000
0.25 97 0.0000 0.0000
0.26 97 0.0000 0.0000
0.27 97 0.0000 0.0000
0.28 97 0.0000 0.0000
0.29 97 0.0000 0.0000
0.3 97 0.0000 0.0000
0.31 97 0.0000 0.0000
0.32 97 0.0000 0.0000
0.33 97 0.0000 0.0000
0.34 97 0.0000 0.0000
0.35 97 0.0000 0.0000
0.36 97 0.0000 0.0000
0.37 97 0.0000 0.0000
0.38 97 0.0000 0.0000
0.39 97 0.0000 0.0000
0.4 97 0.0000 0.0000
0.41 97 0.0000 0.0000
0.42 97 0.0000 0.0000
0.43 97 0.0000 0.0000
0.44 97 0.0000 0.0000
0.45 97 0.0000 0.0000
0.46 97 0.0000 0.0000
0.47 97 0.0000 0.0000
0.48 97 0.0000 0.0000
0.49 97 0.0000 0.0000
0.5 97 0.0000 0.0000
0.51 97 0.0000 0.0000
0.52 97 0.0000 0.0000
0.53 97 0.0000 0.0000
0.54 97 0.0100 1507.0000
0.55 97 0.0400 1729.5000
0.56 97 0.0600 2114.1667
0.57 97 0.1400 1832.5000
0.58 97 0.3100 2300.0968
0.59 97 0.6300 2968.1111
0.6 97 0.8100 3376.4691
0.61 97 0.9300 3884.6452
0.62 97 0.9900 4451.8081
0.63 97 1.0000 5064.1200
0.64 97 1.0000 5317.8800
0.65 97 1.0000 5584.6300
0.66 97 1.0000 5827.7800
0.67 97 1.0000 5988.5300
0.68 97 1.0000 6166.3100
0.69 97 1.0000 6302.0500
0.7 97 1.0000 6415.4900
0.71 97 1.0000 6546.2800
0.72 97 1.0000 6660.8100
0.73 97 1.0000 6784.0800
0.74 97 1.0000 6890.3400
0.75 97 1.0000 6996.6200
0.76 97 1.0000 7100.2600
0.77 97 1.0000 7203.6300
0.78 97 1.0000 7304.8300
0.79 97 1.0000 7412.6300
0.8 97 1.0000 7511.3900
0.81 97 1.0000 7602.2200
0.82 97 1.0000 7700.7400
0.83 97 1.0000 7799.8400
0.84 97 1.0000 7899.5300
0.85 97 1.0000 7983.2400
0.86 97 1.0000 8083.7800
0.87 97 1.0000 8179.6800
0.88 97 1.0000 8277.0200
0.89 97 1.0000 8371.5100
0.9 97 1.0000 8468.9100
