0.1 79 0.0000 0.0000
0.11 79 0.0000 0.0000
0.12 79 0.0000 0.0000
0.13 79 0.0000 0.0000
0.14 79 0.0000 0.0000
0.15 79 0.0000 0.0000
0.16 79 0.0000 0.0000
0.17 79 0.0000 0.0000
0.18 79 0.0000 0.0000
0.19 79 0.0000 0.0000
0.2 79 0.0000 0.0000
0.21 79 0.0000 0.0000
0.22 79 0.0000 0.0000
0.23 79 0.0000 0.0000
0.24 79 0.0000 0.0000
0.25 79 0.0000 0.0000
0.26 79 0.0000 0.0000
0.27 79 0.0000 0.0000
0.28 79 0.0000 0.0000
0.29 79 0.0000 0.0000
0.3 79 0.0000 0.0000
0.31 79 0.0000 0.0000
0.32 79 0.0000 0.0000
0.33 79 0.0000 0.0000
0.34 79 0.0000 0.0000
0.35 79 0.0000 0.0000
0.36 79 0.0000 0.0000
0.37 79 0.0000 0.0000
0.38 79 0.0000 0.0000
0.39 79 0.0000 0.0000
0.4 79 0.0000 0.0000
0.41 79 0.0000 0.0000
0.42 79 0.0000 0.0000
0.43 79 0.0000 0.0000
0.44 79 0.0000 0.0000
0.45 79 0.0000 0.0000
0.46 79 0.0000 0.0000
0.47 79 0.0000 0.0000
0.48 79 0.0000 0.0000
0.49 79 0.0000 0.0000
0.5 79 0.0000 0.0000
0.51 79 0.0000 0.0000
0.52 79 0.0000 0.0000
0.53 79 0.0000 0.0000
0.54 79 0.0000 0.0000
0.55 79 0.0300 1145.3333
0.56 79 0.1200 1280.9167
0.57 79 0.2000 1303.3000
0.58 79 0.4800 1707.0000
0.59 79 0.5400 1939.4815
0.6 79 0.8500 2305.7412
0.61 79 0.9400 2578.6064
0.62 79 0.9700 3026.0000
0.63 79 1.0000 3308.7400
0.64 79 1.0000 3536.2600
0.65 79 1.0000 3682.3300
0.66 79 1.0000 3838.9800
0.67 79 1.0000 3961.7400
0.68 79 1.0000 4062.4100
0.69 79 1.0000 4165.2800
0.7 79 1.0000 4250.4300
0.71 79 1.0000 4326.0900
0.72 79 1.0000 4411.8200
0.73 79 1.0000 4494.4700
0.74 79 1.0000 4562.6300
0.75 79 1.0000 4635.7600
0.76 79 1.0000 4717.2000
0.77 79 1.0000 4782.3300
0.78 79 1.0000 4846.1100
0.79 79 1.0000 4909.9800
0.8 79 1.0000 4975.7700
0.81 79 1.0000 5042.9800
0.82 79 1.0000 5104.4500
0.83 79 1.0000 5171.9500
0.84 79 1.0000 5236.0100
0.85 79 1.0000 5299.0200
0.86 79 1.0000 5364.3600
0.87 79 1.0000 5425.3300
0.88 79 1.0000 5493.8100
0.89 79 1.0000 5553.5800
0.9 79 1.0000 5618.3900
