0.1 60 0.0000 0.0000
0.11 60 0.0000 0.0000
0.12 60 0.0000 0.0000
0.13 60 0.0000 0.0000
0.14 60 0.0000 0.0000
0.15 60 0.0000 0.0000
0.16 60 0.0000 0.0000
0.17 60 0.0000 0.0000
0.18 60 0.0000 0.0000
0.19 60 0.0000 0.0000
0.2 60 0.0000 0.0000
0.21 60 0.0000 0.0000
0.22 60 0.0000 0.0000
0.23 60 0.0000 0.0000
0.24 60 0.0000 0.0000
0.25 60 0.0000 0.0000
0.26 60 0.0000 0.0000
0.27 60 0.0000 0.0000
0.28 60 0.0000 0.0000
0.29 60 0.0000 0.0000
0.3 60 0.0000 0.0000
0.31 60 0.0000 0.0000
0.32 60 0.0000 0.0000
0.33 60 0.0000 0.0000
0.34 60 0.0000 0.0000
0.35 60 0.0000 0.0000
0.36 60 0.0000 0.0000
0.37 60 0.0000 0.0000
0.38 60 0.0000 0.0000
0.39 60 0.0000 0.0000
0.4 60 0.0000 0.0000
0.41 60 0.0000 0.0000
0.42 60 0.0000 0.0000
0.43 60 0.0000 0.0000
0.44 60 0.0000 0.0000
0.45 60 0.0000 0.0000
0.46 60 0.0000 0.0000
0.47 60 0.0000 0.0000
0.48 60 0.0000 0.0000
0.49 60 0.0000 0.0000
0.5 60 0.0000 0.0000
0.51 60 0.0000 0.0000
0.52 60 0.0000 0.0000
0.53 60 0.0200 645.0000
0.54 60 0.0400 765.0000
0.55 60 0.0600 645.8333
0.56 60 0.1300 812.3846
0.57 60 0.3200 892.1250
0.58 60 0.4100 1074.4634
0.59 60 0.6500 1137.6000
0.6 60 0.7500 1372.7067
0.61 60 0.9100 1526.4725
0.62 60 0.9300 1653.5699
0.63 60 0.9800 1845.3469
0.64 60 1.0000 1919.2900
0.65 60 1.0000 2076.0500
0.66 60 1.0000 2184.6300
0.67 60 1.0000 2233.9400
0.68 60 1.0000 2329.0600
0.69 60 1.0000 2392.3300
0.7 60 1.0000 2440.2100
0.71 60 1.0000 2494.6700
0.72 60 1.0000 2543.0900
0.73 60 1.0000 2590.3500
0.74 60 1.0000 2633.6700
0.75 60 1.0000 2672.4200
0.76 60 1.0000 2708.8300
0.77 60 1.0000 2751.5100
0.78 60 1.0000 2792.7600
0.79 60 1.0000 2830.6600
0.8 60 1.0000 2872.7800
0.81 60 1.0000 2905.8300
0.82 60 1.0000 2944.1400
0.83 60 1.0000 2980.6000
0.84 60 1.0000 3019.1600
0.85 60 1.0000 3055.6100
0.86 60 1.0000 3092.8500
0.87 60 1.0000 3127.2100
0.88 60 1.0000 3165.8200
0.89 60 1.0000 3204.0000
0.9 60 1.0000 3240.5800
