0.1 80 0.0000 0.0000
0.11 80 0.0000 0.0000
0.12 80 0.0000 0.0000
0.13 80 0.0000 0.0000
0.14 80 0.0000 0.0000
0.15 80 0.0000 0.0000
0.16 80 0.0000 0.0000
0.17 80 0.0000 0.0000
0.18 80 0.0000 0.0000
0.19 80 0.0000 0.0000
0.2 80 0.0000 0.0000
0.21 80 0.0000 0.0000
0.22 80 0.0000 0.0000
0.23 80 0.0000 0.0000
0.24 80 0.0000 0.0000
0.25 80 0.0000 0.0000
0.26 80 0.0000 0.0000
0.27 80 0.0000 0.0000
0.28 80 0.0000 0.0000
0.29 80 0.0000 0.0000
0.3 80 0.0000 0.0000
0.31 80 0.0000 0.0000
0.32 80 0.0000 0.0000
0.33 80 0.0000 0.0000
0.34 80 0.0000 0.0000
0.35 80 0.0000 0.0000
0.36 80 0.0000 0.0000
0.37 80 0.0000 0.0000
0.38 80 0.0000 0.0000
0.39 80 0.0000 0.0000
0.4 80 0.0000 0.0000
0.41 80 0.0000 0.0000
0.42 80 0.0000 0.0000
0.43 80 0.0000 0.0000
0.44 80 0.0000 0.0000
0.45 80 0.0000 0.0000
0.46 80 0.0000 0.0000
0.47 80 0.0000 0.0000
0.48 80 0.0000 0.0000
0.49 80 0.0000 0.0000
0.5 80 0.0000 0.0000
0.51 80 0.0000 0.0000
0.52 80 0.0000 0.0000
0.53 80 0.0000 0.0000
0.54 80 0.0200 643.5000
0.55 80 0.0100 903.0000
0.56 80 0.0900 1286.7778
0.57 80 0.1900 1542.8947
0.58 80 0.4100 1674.9268
0.59 80 0.6400 2072.1719
0.6 80 0.7700 2388.7922
0.61 80 0.9200 2720.6848
0.62 80 0.9800 2971.0204
0.63 80 1.0000 3374.4100
0.64 80 1.0000 3625.2900
0.65 80 1.0000 3756.8600
0.66 80 1.0000 3901.8700
0.67 80 1.0000 4068.6200
0.68 80 1.0000 4165.8300
0.69 80 1.0000 4277.6500
0.7 80 1.0000 4362.2800
0.71 80 1.0000 4452.5200
0.72 80 1.0000 4527.8700
0.73 80 1.0000 4606.6800
0.74 80 1.0000 4691.5800
0.75 80 1.0000 4755.1900
0.76 80 1.0000 4822.6000
0.77 80 1.0000 4895.5700
0.78 80 1.0000 4963.1600
0.79 80 1.0000 5038.7400
0.8 80 1.0000 5107.5000
0.81 80 1.0000 5173.2600
0.82 80 1.0000 5240.4600
0.83 80 1.0000 5301.1600
0.84 80 1.0000 5362.8400
0.85 80 1.0000 5437.0000
0.86 80 1.0000 5498.3300
0.87 80 1.0000 5564.0500
0.88 80 1.0000 5630.4900
0.89 80 1.0000 5694.9900
0.9 80 1.0000 5755.0600
