0.1 76 0.0000 0.0000
0.11 76 0.0000 0.0000
0.12 76 0.0000 0.0000
0.13 76 0.0000 0.0000
0.14 76 0.0000 0.0000
0.15 76 0.0000 0.0000
0.16 76 0.0000 0.0000
0.17 76 0.0000 0.0000
0.18 76 0.0000 0.0000
0.19 76 0.0000 0.0000
0.2 76 0.0000 0.0000
0.21 76 0.0000 0.0000
0.22 76 0.0000 0.0000
0.23 76 0.0000 0.0000
0.24 76 0.0000 0.0000
0.25 76 0.0000 0.0000
0.26 76 0.0000 0.0000
0.27 76 0.0000 0.0000
0.28 76 0.0000 0.0000
0.29 76 0.0000 0.0000
0.3 76 0.0000 0.0000
0.31 76 0.0000 0.0000
0.32 76 0.0000 0.0000
0.33 76 0.0000 0.0000
0.34 76 0.0000 0.0000
0.35 76 0.0000 0.0000
0.36 76 0.0000 0.0000
0.37 76 0.0000 0.0000
0.38 76 0.0000 0.0000
0.39 76 0.0000 0.0000
0.4 76 0.0000 0.0000
0.41 76 0.0000 0.0000
0.42 76 0.0000 0.0000
0.43 76 0.0000 0.0000
0.44 76 0.0000 0.0000
0.45 76 0.0000 0.0000
0.46 76 0.0000 0.0000
0.47 76 0.0000 0.0000
0.48 76 0.0000 0.0000
0.49 76 0.0000 0.0000
0.5 76 0.0000 0.0000
0.51 76 0.0000 0.0000
0.52 76 0.0100 877.0000
0.53 76 0.0100 1059.0000
0.54 76 0.0000 0.0000
0.55 76 0.0500 878.4000
0.56 76 0.1100 1307.7273
0.57 76 0.2500 1349.7200
0.58 76 0.4900 1564.0612
0.59 76 0.6700 1864.7164
0.6 76 0.7900 2198.5316
0.61 76 0.8800 2384.7386
0.62 76 0.9900 2612.8788
0.63 76 1.0000 2987.3400
0.64 76 1.0000 3250.0800
0.65 76 1.0000 3403.4700
0.66 76 1.0000 3541.7800
0.67 76 1.0000 3637.9000
0.68 76 1.0000 3767.3300
0.69 76 1.0000 3848.5400
0.7 76 1.0000 3933.1900
0.71 76 1.0000 4002.5400
0.72 76 1.0000 4079.7700
0.73 76 1.0000 4155.3600
0.74 76 1.0000 4225.9700
0.75 76 1.0000 4294.1800
0.76 76 1.0000 4346.2700
0.77 76 1.0000 4418.8600
0.78 76 1.0000 4479.0300
0.79 76 1.0000 4545.1300
0.8 76 1.0000 4604.2200
0.81 76 1.0000 4666.0000
0.82 76 1.0000 4730.3600
0.83 76 1.0000 4784.8000
0.84 76 1.0000 4845.0600
0.85 76 1.0000 4906.4900
0.86 76 1.0000 4965.5600
0.87 76 1.0000 5024.0800
0.88 76 1.0000 5077.1400
0.89 76 1.0000 5139.1100
0.9 76 1.0000 5200.7800
