0.1 39 0.0000 0.0000
0.11 39 0.0000 0.0000
0.12 39 0.0000 0.0000
0.13 39 0.0000 0.0000
0.14 39 0.0000 0.0000
0.15 39 0.0000 0.0000
0.16 39 0.0000 0.0000
0.17 39 0.0000 0.0000
0.18 39 0.0000 0.0000
0.19 39 0.0000 0.0000
0.2 39 0.0000 0.0000
0.21 39 0.0000 0.0000
0.22 39 0.0000 0.0000
0.23 39 0.0000 0.0000
0.24 39 0.0000 0.0000
0.25 39 0.0000 0.0000
0.26 39 0.0000 0.0000
0.27 39 0.0000 0.0000
0.28 39 0.0000 0.0000
0.29 39 0.0000 0.0000
0.3 39 0.0000 0.0000
0.31 39 0.0000 0.0000
0.32 39 0.0000 0.0000
0.33 39 0.0000 0.0000
0.34 39 0.0000 0.0000
0.35 39 0.0000 0.0000
0.36 39 0.0000 0.0000
0.37 39 0.0000 0.0000
0.38 39 0.0000 0.0000
0.39 39 0.0000 0.0000
0.4 39 0.0000 0.0000
0.41 39 0.0000 0.0000
0.42 39 0.0000 0.0000
0.43 39 0.0000 0.0000
0.44 39 0.0000 0.0000
0.45 39 0.0000 0.0000
0.46 39 0.0000 0.0000
0.47 39 0.0000 0.0000
0.48 39 0.0000 0.0000
0.49 39 0.0000 0.0000
0.5 39 0.0100 320.0000
0.51 39 0.0200 258.0000
0.52 39 0.0100 329.0000
0.53 39 0.1100 358.4545
0.54 39 0.1700 308.7647
0.55 39 0.2100 356.9524
0.56 39 0.3000 458.5667
0.57 39 0.4300 428.1395
0.58 39 0.5500 479.0182
0.59 39 0.7100 531.7746
0.6 39 0.7700 575.6753
0.61 39 0.8400 645.9286
0.62 39 0.9200 696.8587
0.63 39 0.9400 745.5532
0.64 39 0.9900 801.8788
0.65 39 0.9700 848.6804
0.66 39 0.9900 899.1111
0.67 39 1.0000 915.3700
0.68 39 1.0000 966.9600
0.69 39 1.0000 994.8500
0.7 39 1.0000 1027.9600
0.71 39 1.0000 1042.3100
0.72 39 1.0000 1066.9100
0.73 39 1.0000 1086.0600
0.74 39 1.0000 1108.2500
0.75 39 1.0000 1124.2600
0.76 39 1.0000 1144.2600
0.77 39 1.0000 1163.7800
0.78 39 1.0000 1179.8500
0.79 39 1.0000 1196.3300
0.8 39 1.0000 1212.8600
0.81 39 1.0000 1226.5400
0.82 39 1.0000 1244.2400
0.83 39 1.0000 1259.9000
0.84 39 1.0000 1274.3500
0.85 39 1.0000 1292.9100
0.86 39 1.0000 1309.3500
0.87 39 1.0000 1322.8100
0.88 39 1.0000 1337.2900
0.89 39 1.0000 1353.4800
0.9 39 1.0000 1368.7500
