0.1 16 0.0000 0.0000
0.11 16 0.0000 0.0000
0.12 16 0.0000 0.0000
0.13 16 0.0000 0.0000
0.14 16 0.0000 0.0000
0.15 16 0.0000 0.0000
0.16 16 0.0000 0.0000
0.17 16 0.0000 0.0000
0.18 16 0.0000 0.0000
0.19 16 0.0000 0.0000
0.2 16 0.0000 0.0000
0.21 16 0.0000 0.0000
0.22 16 0.0000 0.0000
0.23 16 0.0000 0.0000
0.24 16 0.0000 0.0000
0.25 16 0.0000 0.0000
0.26 16 0.0000 0.0000
0.27 16 0.0000 0.0000
0.28 16 0.0000 0.0000
0.29 16 0.0000 0.0000
0.3 16 0.0000 0.0000
0.31 16 0.0000 0.0000
0.32 16 0.0000 0.0000
0.33 16 0.0000 0.0000
0.34 16 0.0100 45.0000
0.35 16 0.0000 0.0000
0.36 16 0.0000 0.0000
0.37 16 0.0000 0.0000
0.38 16 0.0000 0.0000
0.39 16 0.0000 0.0000
0.4 16 0.0000 0.0000
0.41 16 0.0000 0.0000
0.42 16 0.0100 57.0000
0.43 16 0.0000 0.0000
0.44 16 0.0200 46.5000
0.45 16 0.0300 59.0000
0.46 16 0.0500 61.2000
0.47 16 0.0400 75.2500
0.48 16 0.0900 68.0000
0.49 16 0.1100 69.7273
0.5 16 0.1100 75.2727
0.51 16 0.2300 70.6522
0.52 16 0.2200 83.2273
0.53 16 0.2500 77.6400
0.54 16 0.3300 86.5455
0.55 16 0.4100 93.4634
0.56 16 0.4500 83.9778
0.57 16 0.5600 94.2143
0.58 16 0.6100 99.2295
0.59 16 0.6500 102.7385
0.6 16 0.7200 106.2500
0.61 16 0.8200 113.4390
0.62 16 0.8300 118.2892
0.63 16 0.9300 120.9892
0.64 16 0.8700 131.3448
0.65 16 0.9400 132.8723
0.66 16 0.9800 137.6429
0.67 16 0.9900 145.6162
0.68 16 0.9900 151.9293
0.69 16 0.9800 157.4694
0.7 16 0.9800 160.7959
0.71 16 0.9900 171.6667
0.72 16 1.0000 173.8700
0.73 16 1.0000 179.3700
0.74 16 1.0000 184.4800
0.75 16 1.0000 186.7500
0.76 16 1.0000 190.7900
0.77 16 1.0000 193.5400
0.78 16 1.0000 196.9200
0.79 16 1.0000 200.6100
0.8 16 1.0000 204.8000
0.81 16 1.0000 206.4600
0.82 16 1.0000 208.7400
0.83 16 1.0000 212.5900
0.84 16 1.0000 214.0300
0.85 16 1.0000 216.9800
0.86 16 1.0000 220.2200
0.87 16 1.0000 222.6400
0.88 16 1.0000 224.2400
0.89 16 1.0000 227.8200
0.9 16 1.0000 230.8300
