1.18508
1.93154
1.94773
1.48475
1.32054
1.15443
1.69886
1.11995
1.48518
1.63274
1.81823
1.68303
1.49856
1.5868
1.71975
1.2585
1.54621
1.40731
1.17698
1.96963
1.29702
1.28787
1.11619
1.18173
1.49429
1.56577
1.22184
1.76749
1.57731
1.16782
1.36747
1.46867
1.65427
1.79309
1.66306
1.61303
1.99085
1.11948
1.14856
1.85228
1.50953
1.21727
1.99327
1.3153
1.25873
1.80918
1.35368
1.46784
1.27417
1.7982
1.81414
1.94809
1.82288
1.51514
1.221
1.74663
1.43154
1.8883
1.94119
1.50301
1.70204
1.70654
1.48102
1.96031
1.42602
1.32287
1.76193
1.93263
1.71122
1.51743
1.88447
1.55363
1.57364
1.39393
1.92655
1.00554
1.7285
1.35575
1.21293
1.36203
1.8783
1.36333
1.50321
1.76749
1.91448
1.82637
1.41175
1.63084
1.34191
1.38169
1.96246
1.64701
1.95785
1.80345
1.22939
1.8792
1.5925
1.78617
1.53214
1.96829
1.57495
1.47684
1.42114
1.59898
1.10657
1.36861
1.21581
1.80721
1.79822
1.55454
1.89515
1.92914
1.97763
1.91772
1.04001
1.73282
1.89637
1.83783
1.53645
1.32132
1.39725
1.27744
1.93625
1.46374
1.85229
1.21277
1.00012
1.0929
1.17512
1.51486
1.87999
1.78479
1.52982
1.27384
1.02638
1.86971
1.27544
1.14521
1.50541
1.33509
1.1617
1.21929
1.83652
1.72035
1.05149
1.62327
1.28627
1.81278
1.54587
1.01827
1.01611
1.93504
1.39059
1.91066
1.81947
1.09037
1.35824
1.01899
1.45003
1.03037
1.27035
1.00258
1.43375
1.58717
1.99198
1.43552
1.36243
1.87313
1.48505
1.74386
1.75418
1.32368
1.73535
1.18559
1.13209
1.00997
1.37304
1.0108
1.84846
1.24317
1.68003
1.67714
1.88583
1.15357
1.94669
1.29374
1.7366
1.47554
1.16487
1.82745
1.5397
1.35417
1.842
1.0318
1.06774
1.62818
1.63494
1.76974
1.44139
1.85847
1.38166
1.96478
1.7803
1.42597
1.3461
1.53918
1.43121
1.78263
1.66733
1.69262
1.34384
1.57578
1.41891
1.0686
1.09755
1.2263
1.86103
1.28086
1.12522
1.07426
1.32585
1.757
1.4092
1.7565
1.27018
1.86618
1.974
1.75601
1.94742
1.18328
1.9873
1.04042
1.39521
1.59855
1.15049
1.17444
1.14868
1.01324
1.00154
1.04127
1.42564
1.9644
1.18269
1.74504
1.33966
1.65109
1.64112
1.2231
1.75025
1.45408
1.17564
1.25501
1.72563
1.39097
1.38658
1.73469
1.97355
1.24234
1.20662
1.42441
1.71793
1.85167
1.35072
1.36329
1.33629
1.40618
1.06031
1.12884
1.51853
1.88352
1.16334
1.72806
1.21791
1.83497
1.10068
1.36548
1.5891
1.4707
1.36589
1.97055
1.53238
1.40279
1.04125
1.27991
1.66655
1.01853
1.20804
1.02272
1.05349
1.43213
1.28745
1.23639
1.72703
1.20422
1.1999
1.69086
1.24957
1.143
1.13128
1.94466
1.21424
1.67942
1.47389
1.57445
1.41631
1.13316
1.33066
1.14442
1.83674
1.41302
1.02978
1.85043
1.23055
1.90592
1.31239
1.46734
1.95971
1.86792
1.21879
1.70478
1.44841
1.09047
1.51251
1.32687
1.8653
1.74554
1.36527
1.74897
1.50677
1.3934
1.25325
1.81077
1.76983
1.79572
1.1763
1.60414
1.33877
1.92104
1.34257
1.64878
1.20236
1.8964
1.81497
1.82856
1.65238
1.77434
1.72189
1.85623
1.97654
1.49391
1.31853
1.65149
1.09996
1.00188
1.05189
1.65481
1.61363
1.53836
1.90224
1.28586
1.63127
1.47918
1.67462
1.48072
1.16028
1.0313
1.94487
1.77492
1.93407
1.23168
1.10012
1.72022
1.71102
1.24395
1.64157
1.198
1.2019
1.90706
1.57987
1.39681
1.78076
1.08188
1.48945
1.72751
1.45969
1.86198
1.23456
1.29952
1.53474
1.78574
1.6395
1.7679
1.83435
1.66772
1.13086
1.21394
1.38491
1.84106
1.03578
1.48866
1.6248
1.27046
1.45816
1.55393
1.74488
1.90339
1.2072
1.1352
1.3052
1.48457
1.99932
1.70891
1.53731
1.18077
1.08865
1.27241
1.40219
1.0671
1.62396
1.05073
1.30387
1.20164
1.98016
1.27451
1.34165
1.64065
1.66743
1.81467
1.35651
1.99957
1.46161
1.61132
1.97267
1.20454
1.16443
1.16342
1.98639
1.86556
1.61634
1.93622
1.15287
1.37772
1.52276
1.11417
1.85812
1.17969
1.40014
1.35439
1.1922
1.12204
1.87923
1.80993
1.24253
1.52475
1.0615
1.80203
1.15659
1.94016
1.52746
1.60254
1.6556
1.45756
1.69053
1.41613
1.8228
1.95419
1.36003
1.03709
1.64598
1.37466
1.10059
1.30551
1.28939
1.80797
1.24349
1.05105
1.37871
1.92935
1.02394
1.01297
1.12499
1.29316
1.71665
1.43853
1.13351
1.02851
1.50953
1.25078
1.82963
1.3173
1.96287
1.02504
1.26152
1.63084
1.441
1.46324
1.50402
1.80472
1.13926
1.33277
1.70748
1.34133
1.92306
1.92324
1.66396
1.7858
1.39558
1.66904
1.02896
1.76162
1.26777
1.43102
1.54097
1.38956
1.54516
1.71466
1.71836
1.95971
1.9496
1.04189
1.3722
1.26454
1.27933
1.12843
1.59072
1.15804
1.57624
1.56626
1.32296
1.8268
1.78826
1.27619
1.07049
1.28595
1.30952
1.01538
1.22089
1.04322
1.0707
1.90794
1.47895
1.12084
1.2096
1.77289
1.55089
1.53942
1.02311
1.13695
1.31871
1.3339
1.23544
1.94367
1.79052
1.42821
1.55764
1.442
1.91372
1.28019
1.26921
1.36056
1.28499
1.73054
1.02695
1.57491
1.15884
1.86426
1.79923
1.18156
1.48974
1.87169
1.2576
1.69626
1.41182
1.21662
1.44856
1.54918
1.46238
1.13848
1.30381
1.66361
1.7632
1.43624
1.48058
1.87467
1.20995
1.60891
1.67075
1.25281
1.40735
1.51098
1.59075
1.38989
1.10386
1.71117
1.96701
1.9365
1.66615
1.51735
1.92422
1.55388
1.24609
1.20289
1.96526
1.5774
1.32362
1.31486
1.47778
1.4726
1.84934
1.30166
1.80884
1.8292
1.62259
1.31813
1.87921
1.74488
1.12465
1.97925
1.08161
1.35842
1.88766
1.62404
1.92243
1.82611
1.50376
1.50121
1.39435
1.15342
1.03835
1.4046
1.24618
1.10993
1.46675
1.20622
1.19635
1.71689
1.48362
1.17196
1.27474
1.90375
1.95266
1.6456
1.30154
1.69174
1.70967
1.7051
1.2602
1.80934
1.01657
1.22935
1.02504
1.75856
1.75336
1.22692
1.50865
1.62196
1.04793
1.00972
1.00206
1.11962
1.96815
1.41769
1.64474
1.97127
1.73249
1.67816
1.41623
1.88743
1.387
1.83489
1.98983
1.78627
1.03145
1.39071
1.50129
1.89883
1.05987
1.48419
1.65275
1.83731
1.42423
1.4062
1.22829
1.46228
1.85845
1.7186
1.74737
1.50122
1.66041
1.14912
1.53496
1.69319
1.0725
1.5002
1.03947
1.21324
1.36899
1.84761
1.87568
1.00047
1.40998
1.88943
1.58517
1.7469
1.58785
1.42753
1.53322
1.95654
1.87818
1.66106
1.50327
1.09614
1.91716
1.14721
1.17702
1.09838
1.24277
1.02056
1.10059
1.58442
1.19905
1.61945
1.10837
1.5521
1.05076
1.07303
1.91232
1.67646
1.17706
1.92557
1.69247
1.43506
1.57354
1.76001
1.91045
1.68894
1.21304
1.01486
1.42971
1.34584
1.99328
1.6293
1.72082
1.19608
1.74638
1.28889
1.79102
1.70298
1.21296
1.19546
1.32473
1.71909
1.61408
1.5247
1.11085
1.2445
1.67763
1.35261
1.20102
1.38596
1.15576
1.15995
1.21304
1.64318
1.44522
1.06735
1.02015
1.55074
1.32509
1.29001
1.46129
1.45876
1.95921
1.5317
1.74974
1.2283
1.86941
1.84261
1.65975
1.23706
1.37891
1.7057
1.99149
1.5544
1.78419
1.60275
1.69326
1.07463
1.35443
1.51535
1.43748
1.7676
1.19084
1.58939
1.84034
1.22924
1.27845
1.48322
1.17497
1.47378
1.23988
1.4642
1.4402
1.53084
1.68854
1.41339
1.83805
1.7109
1.11544
1.22655
1.72152
1.26485
1.28965
1.40063
1.23064
1.99477
1.58077
1.54251
1.41133
1.12032
1.85973
1.39395
1.29581
1.71645
1.24805
1.13919
1.92279
1.86759
1.98878
1.68764
1.31218
1.62242
1.3189
1.74016
1.56989
1.40392
1.73866
1.7871
1.45504
1.97822
1.82226
1.89622
1.14311
1.78967
1.0497
1.89498
1.42392
1.58578
1.3329
1.39411
1.54358
1.10935
1.77275
1.11753
1.65054
1.32273
1.36839
1.47149
1.01572
1.14623
1.19679
1.50216
1.2983
1.25796
1.83264
1.09905
1.83569
1.24946
1.18662
1.48158
1.06458
1.7249
1.75809
1.31047
1.70525
1.55502
1.36674
1.32665
1.89795
1.75165
1.82994
1.98678
1.48594
1.30055
1.73118
1.2634
1.12556
1.98395
1.37234
1.53218
1.25509
1.77518
1.02384
1.04334
1.22373
1.22995
1.84117
1.48651
1.71175
1.9028
1.92651
1.36964
1.21593
1.46703
1.41427
1.98556
1.65792
1.73149
1.65743
1.64578
1.2228
1.16721
1.75303
1.02702
1.31973
1.33252
1.21375
1.85128
1.75898
1.37646
1.59161
1.27733
1.92038
1.41713
1.09156
1.65724
1.26502
1.22271
1.61654
1.56515
1.47185
1.62588
1.3083
1.37416
1.7848
1.86939
1.45393
1.85225
1.46664
1.6306
1.63725
1.60423
1.29926
1.90586
1.38145
1.84717
1.53616
1.60078
1.85305
1.84702
1.67686
1.01424
1.45625
1.60521
1.20309
1.6245
1.99889
1.08008
1.43445
1.69172
1.27661
1.24256
1.18546
1.17928
1.57847
1.93705
1.79743
1.36309
1.00039
1.33402
1.60028
1.15573
1.61351
1.07994
1.19748
1.07186
1.37099
1.45168
1.03517
1.20087
1.34159
1.51578
1.3365
1.54745
1.3337
1.77153
1.95011
1.7967
1.76337
1.48893
1.38778
1.98327
1.20575
1.98324
1.8196
1.24407
1.87224
1.10672
1.30495
1.78382
