0.1 10 0 0
0.11 10 0 0
0.12 10 0 0
0.13 10 0 0
0.14 10 0 0
0.15 10 0 0
0.16 10 0 0
0.17 10 0 0
0.18 10 0 0
0.19 10 0 0
0.2 10 0 0
0.21 10 0 0
0.22 10 0 0
0.23 10 0 0
0.24 10 0 0
0.25 10 0 0
0.26 10 0 0
0.27 10 0 0
0.28 10 0 0
0.29 10 0 0
0.3 10 0 0
0.31 10 0 0
0.32 10 0 0
0.33 10 0 0
0.34 10 0 0
0.35 10 0 0
0.36 10 0 0
0.37 10 0 0
0.38 10 0 0
0.39 10 0 0
0.4 10 0 0
0.41 10 0 0
0.42 10 0 0
0.43 10 0 0
0.44 10 0 0
0.45 10 0 0
0.46 10 0 0
0.47 10 0 0
0.48 10 0 0
0.49 10 1 47
0.5 10 0 0
0.51 10 0 0
0.52 10 1 63
0.53 10 0 0
0.54 10 1 31
0.55 10 1 30
0.56 10 1 34
0.57 10 0 0
0.58 10 0 0
0.59 10 0 0
0.6 10 0 0
0.61 10 1 65
0.62 10 0 0
0.63 10 1 55
0.64 10 1 35
0.65 10 1 67
0.66 10 1 66
0.67 10 1 46
0.68 10 1 70
0.69 10 1 47
0.7 10 1 35
0.71 10 1 68
0.72 10 1 77
0.73 10 1 70
0.74 10 1 74
0.75 10 1 64
0.76 10 1 83
0.77 10 1 72
0.78 10 1 73
0.79 10 1 75
0.8 10 1 82
0.81 10 1 84
0.82 10 1 88
0.83 10 1 88
0.84 10 1 81
0.85 10 1 88
0.86 10 1 90
0.87 10 1 85
0.88 10 1 90
0.89 10 1 83
0.9 10 1 88
0.1 11 0 0
0.11 11 0 0
0.12 11 0 0
0.13 11 0 0
0.14 11 0 0
0.15 11 0 0
0.16 11 0 0
0.17 11 0 0
0.18 11 0 0
0.19 11 0 0
0.2 11 0 0
0.21 11 0 0
0.22 11 0 0
0.23 11 0 0
0.24 11 0 0
0.25 11 0 0
0.26 11 0 0
0.27 11 0 0
0.28 11 0 0
0.29 11 0 0
0.3 11 0 0
0.31 11 0 0
0.32 11 0 0
0.33 11 0 0
0.34 11 0 0
0.35 11 0 0
0.36 11 0 0
0.37 11 0 0
0.38 11 0 0
0.39 11 0 0
0.4 11 0 0
0.41 11 0 0
0.42 11 0 0
0.43 11 0 0
0.44 11 0 0
0.45 11 0 0
0.46 11 0 0
0.47 11 0 0
0.48 11 0 0
0.49 11 0 0
0.5 11 0 0
0.51 11 0 0
0.52 11 0 0
0.53 11 1 60
0.54 11 1 51
0.55 11 1 35
0.56 11 0 0
0.57 11 0 0
0.58 11 1 73
0.59 11 1 58
0.6 11 1 48
0.61 11 1 62
0.62 11 0 0
0.63 11 1 68
0.64 11 1 72
0.65 11 1 79
0.66 11 1 67
0.67 11 1 80
0.68 11 1 90
0.69 11 1 71
0.7 11 1 81
0.71 11 1 86
0.72 11 1 87
0.73 11 1 87
0.74 11 1 85
0.75 11 1 85
0.76 11 1 89
0.77 11 1 83
0.78 11 1 100
0.79 11 1 91
0.8 11 1 96
0.81 11 1 101
0.82 11 1 94
0.83 11 1 95
0.84 11 1 104
0.85 11 1 98
0.86 11 1 100
0.87 11 1 103
0.88 11 1 111
0.89 11 1 111
0.9 11 1 111
0.1 12 0 0
0.11 12 0 0
0.12 12 0 0
0.13 12 0 0
0.14 12 0 0
0.15 12 0 0
0.16 12 0 0
0.17 12 0 0
0.18 12 0 0
0.19 12 0 0
0.2 12 0 0
0.21 12 0 0
0.22 12 0 0
0.23 12 0 0
0.24 12 0 0
0.25 12 0 0
0.26 12 0 0
0.27 12 0 0
0.28 12 0 0
0.29 12 0 0
0.3 12 0 0
0.31 12 0 0
0.32 12 0 0
0.33 12 0 0
0.34 12 0 0
0.35 12 0 0
0.36 12 0 0
0.37 12 0 0
0.38 12 0 0
0.39 12 0 0
0.4 12 0 0
0.41 12 0 0
0.42 12 0 0
0.43 12 0 0
0.44 12 0 0
0.45 12 0 0
0.46 12 1 60
0.47 12 0 0
0.48 12 0 0
0.49 12 0 0
0.5 12 1 72
0.51 12 0 0
0.52 12 0 0
0.53 12 1 35
0.54 12 0 0
0.55 12 1 48
0.56 12 0 0
0.57 12 0 0
0.58 12 1 70
0.59 12 1 62
0.6 12 1 52
0.61 12 1 74
0.62 12 0 0
0.63 12 1 82
0.64 12 1 95
0.65 12 1 84
0.66 12 1 87
0.67 12 1 36
0.68 12 1 87
0.69 12 1 101
0.7 12 1 113
0.71 12 1 65
0.72 12 1 91
0.73 12 1 104
0.74 12 1 105
0.75 12 1 100
0.76 12 1 101
0.77 12 1 106
0.78 12 1 103
0.79 12 1 110
0.8 12 1 108
0.81 12 1 104
0.82 12 1 109
0.83 12 1 121
0.84 12 1 122
0.85 12 1 122
0.86 12 1 127
0.87 12 1 123
0.88 12 1 121
0.89 12 1 126
0.9 12 1 126
0.1 13 0 0
0.11 13 0 0
0.12 13 0 0
0.13 13 0 0
0.14 13 0 0
0.15 13 0 0
0.16 13 0 0
0.17 13 0 0
0.18 13 0 0
0.19 13 0 0
0.2 13 0 0
0.21 13 0 0
0.22 13 0 0
0.23 13 0 0
0.24 13 0 0
0.25 13 0 0
0.26 13 0 0
0.27 13 0 0
0.28 13 0 0
0.29 13 0 0
0.3 13 0 0
0.31 13 0 0
0.32 13 0 0
0.33 13 0 0
0.34 13 0 0
0.35 13 0 0
0.36 13 0 0
0.37 13 0 0
0.38 13 0 0
0.39 13 0 0
0.4 13 0 0
0.41 13 0 0
0.42 13 0 0
0.43 13 0 0
0.44 13 0 0
0.45 13 1 47
0.46 13 0 0
0.47 13 1 63
0.48 13 1 76
0.49 13 0 0
0.5 13 1 63
0.51 13 0 0
0.52 13 1 40
0.53 13 1 64
0.54 13 0 0
0.55 13 0 0
0.56 13 0 0
0.57 13 0 0
0.58 13 1 54
0.59 13 1 64
0.6 13 0 0
0.61 13 1 95
0.62 13 1 66
0.63 13 1 104
0.64 13 1 76
0.65 13 1 120
0.66 13 1 56
0.67 13 1 87
0.68 13 1 117
0.69 13 1 106
0.7 13 1 109
0.71 13 1 72
0.72 13 1 110
0.73 13 1 115
0.74 13 1 126
0.75 13 1 128
0.76 13 1 134
0.77 13 1 134
0.78 13 1 142
0.79 13 1 139
0.8 13 1 129
0.81 13 1 137
0.82 13 1 141
0.83 13 1 140
0.84 13 1 143
0.85 13 1 146
0.86 13 1 150
0.87 13 1 142
0.88 13 1 146
0.89 13 1 150
0.9 13 1 145
0.1 14 0 0
0.11 14 0 0
0.12 14 0 0
0.13 14 0 0
0.14 14 0 0
0.15 14 0 0
0.16 14 0 0
0.17 14 0 0
0.18 14 0 0
0.19 14 0 0
0.2 14 0 0
0.21 14 0 0
0.22 14 0 0
0.23 14 0 0
0.24 14 0 0
0.25 14 0 0
0.26 14 0 0
0.27 14 0 0
0.28 14 0 0
0.29 14 0 0
0.3 14 0 0
0.31 14 0 0
0.32 14 0 0
0.33 14 0 0
0.34 14 0 0
0.35 14 0 0
0.36 14 0 0
0.37 14 0 0
0.38 14 0 0
0.39 14 0 0
0.4 14 0 0
0.41 14 0 0
0.42 14 0 0
0.43 14 0 0
0.44 14 0 0
0.45 14 0 0
0.46 14 0 0
0.47 14 0 0
0.48 14 0 0
0.49 14 0 0
0.5 14 0 0
0.51 14 0 0
0.52 14 0 0
0.53 14 1 60
0.54 14 0 0
0.55 14 1 86
0.56 14 0 0
0.57 14 1 59
0.58 14 1 55
0.59 14 1 81
0.6 14 1 110
0.61 14 1 42
0.62 14 1 123
0.63 14 1 81
0.64 14 1 118
0.65 14 1 83
0.66 14 1 64
0.67 14 1 106
0.68 14 1 127
0.69 14 1 140
0.7 14 1 128
0.71 14 1 130
0.72 14 1 135
0.73 14 1 115
0.74 14 1 135
0.75 14 1 149
0.76 14 1 148
0.77 14 1 148
0.78 14 1 120
0.79 14 1 147
0.8 14 1 159
0.81 14 1 157
0.82 14 1 154
0.83 14 1 155
0.84 14 1 153
0.85 14 1 163
0.86 14 1 172
0.87 14 1 171
0.88 14 1 173
0.89 14 1 171
0.9 14 1 178
0.1 15 0 0
0.11 15 0 0
0.12 15 0 0
0.13 15 0 0
0.14 15 0 0
0.15 15 0 0
0.16 15 0 0
0.17 15 0 0
0.18 15 0 0
0.19 15 0 0
0.2 15 0 0
0.21 15 0 0
0.22 15 0 0
0.23 15 0 0
0.24 15 0 0
0.25 15 0 0
0.26 15 0 0
0.27 15 0 0
0.28 15 0 0
0.29 15 0 0
0.3 15 0 0
0.31 15 0 0
0.32 15 0 0
0.33 15 0 0
0.34 15 0 0
0.35 15 0 0
0.36 15 0 0
0.37 15 0 0
0.38 15 0 0
0.39 15 0 0
0.4 15 0 0
0.41 15 0 0
0.42 15 0 0
0.43 15 0 0
0.44 15 0 0
0.45 15 0 0
0.46 15 0 0
0.47 15 0 0
0.48 15 0 0
0.49 15 0 0
0.5 15 0 0
0.51 15 0 0
0.52 15 0 0
0.53 15 0 0
0.54 15 0 0
0.55 15 1 109
0.56 15 0 0
0.57 15 0 0
0.58 15 0 0
0.59 15 0 0
0.6 15 1 91
0.61 15 1 128
0.62 15 1 67
0.63 15 1 65
0.64 15 1 58
0.65 15 1 67
0.66 15 1 145
0.67 15 1 151
0.68 15 1 142
0.69 15 1 161
0.7 15 1 157
0.71 15 1 144
0.72 15 1 57
0.73 15 1 168
0.74 15 1 157
0.75 15 1 156
0.76 15 1 170
0.77 15 1 175
0.78 15 1 172
0.79 15 1 163
0.8 15 1 176
0.81 15 1 177
0.82 15 1 187
0.83 15 1 177
0.84 15 1 191
0.85 15 1 195
0.86 15 1 191
0.87 15 1 191
0.88 15 1 194
0.89 15 1 207
0.9 15 1 198
0.1 16 0 0
0.11 16 0 0
0.12 16 0 0
0.13 16 0 0
0.14 16 0 0
0.15 16 0 0
0.16 16 0 0
0.17 16 0 0
0.18 16 0 0
0.19 16 0 0
0.2 16 0 0
0.21 16 0 0
0.22 16 0 0
0.23 16 0 0
0.24 16 0 0
0.25 16 0 0
0.26 16 0 0
0.27 16 0 0
0.28 16 0 0
0.29 16 0 0
0.3 16 0 0
0.31 16 0 0
0.32 16 0 0
0.33 16 0 0
0.34 16 0 0
0.35 16 0 0
0.36 16 0 0
0.37 16 0 0
0.38 16 0 0
0.39 16 0 0
0.4 16 0 0
0.41 16 0 0
0.42 16 0 0
0.43 16 0 0
0.44 16 0 0
0.45 16 0 0
0.46 16 0 0
0.47 16 0 0
0.48 16 0 0
0.49 16 0 0
0.5 16 0 0
0.51 16 0 0
0.52 16 1 49
0.53 16 1 124
0.54 16 0 0
0.55 16 1 111
0.56 16 1 81
0.57 16 0 0
0.58 16 0 0
0.59 16 0 0
0.6 16 1 78
0.61 16 1 159
0.62 16 1 64
0.63 16 1 140
0.64 16 0 0
0.65 16 1 118
0.66 16 1 119
0.67 16 1 119
0.68 16 1 62
0.69 16 1 124
0.7 16 1 102
0.71 16 1 176
0.72 16 1 195
0.73 16 1 180
0.74 16 1 176
0.75 16 1 181
0.76 16 1 192
0.77 16 1 197
0.78 16 1 190
0.79 16 1 189
0.8 16 1 205
0.81 16 1 201
0.82 16 1 188
0.83 16 1 206
0.84 16 1 205
0.85 16 1 225
0.86 16 1 231
0.87 16 1 221
0.88 16 1 216
0.89 16 1 236
0.9 16 1 227
0.1 17 0 0
0.11 17 0 0
0.12 17 0 0
0.13 17 0 0
0.14 17 0 0
0.15 17 0 0
0.16 17 0 0
0.17 17 0 0
0.18 17 0 0
0.19 17 0 0
0.2 17 0 0
0.21 17 0 0
0.22 17 0 0
0.23 17 0 0
0.24 17 0 0
0.25 17 0 0
0.26 17 0 0
0.27 17 0 0
0.28 17 0 0
0.29 17 0 0
0.3 17 0 0
0.31 17 0 0
0.32 17 0 0
0.33 17 0 0
0.34 17 0 0
0.35 17 0 0
0.36 17 0 0
0.37 17 0 0
0.38 17 1 32
0.39 17 0 0
0.4 17 0 0
0.41 17 0 0
0.42 17 0 0
0.43 17 0 0
0.44 17 0 0
0.45 17 0 0
0.46 17 0 0
0.47 17 0 0
0.48 17 0 0
0.49 17 0 0
0.5 17 0 0
0.51 17 0 0
0.52 17 0 0
0.53 17 1 114
0.54 17 1 131
0.55 17 0 0
0.56 17 0 0
0.57 17 0 0
0.58 17 1 123
0.59 17 1 93
0.6 17 1 136
0.61 17 1 84
0.62 17 1 158
0.63 17 1 90
0.64 17 1 165
0.65 17 1 138
0.66 17 1 178
0.67 17 1 157
0.68 17 1 199
0.69 17 1 202
0.7 17 1 196
0.71 17 1 216
0.72 17 1 213
0.73 17 1 201
0.74 17 1 205
0.75 17 1 208
0.76 17 1 225
0.77 17 1 231
0.78 17 1 224
0.79 17 1 237
0.8 17 1 213
0.81 17 1 228
0.82 17 1 240
0.83 17 1 243
0.84 17 1 238
0.85 17 1 239
0.86 17 1 251
0.87 17 1 255
0.88 17 1 253
0.89 17 1 254
0.9 17 1 261
0.1 18 0 0
0.11 18 0 0
0.12 18 0 0
0.13 18 0 0
0.14 18 0 0
0.15 18 0 0
0.16 18 0 0
0.17 18 0 0
0.18 18 0 0
0.19 18 0 0
0.2 18 0 0
0.21 18 0 0
0.22 18 0 0
0.23 18 0 0
0.24 18 0 0
0.25 18 0 0
0.26 18 0 0
0.27 18 0 0
0.28 18 0 0
0.29 18 0 0
0.3 18 0 0
0.31 18 0 0
0.32 18 0 0
0.33 18 0 0
0.34 18 0 0
0.35 18 0 0
0.36 18 0 0
0.37 18 0 0
0.38 18 0 0
0.39 18 0 0
0.4 18 0 0
0.41 18 0 0
0.42 18 0 0
0.43 18 0 0
0.44 18 0 0
0.45 18 0 0
0.46 18 0 0
0.47 18 0 0
0.48 18 0 0
0.49 18 0 0
0.5 18 0 0
0.51 18 0 0
0.52 18 0 0
0.53 18 0 0
0.54 18 1 64
0.55 18 0 0
0.56 18 0 0
0.57 18 0 0
0.58 18 1 99
0.59 18 1 135
0.6 18 1 153
0.61 18 1 155
0.62 18 1 151
0.63 18 1 121
0.64 18 1 187
0.65 18 1 192
0.66 18 1 196
0.67 18 1 223
0.68 18 1 205
0.69 18 1 207
0.7 18 1 164
0.71 18 1 213
0.72 18 1 235
0.73 18 1 204
0.74 18 1 241
0.75 18 1 237
0.76 18 1 233
0.77 18 1 257
0.78 18 1 245
0.79 18 1 256
0.8 18 1 255
0.81 18 1 261
0.82 18 1 255
0.83 18 1 276
0.84 18 1 276
0.85 18 1 278
0.86 18 1 281
0.87 18 1 293
0.88 18 1 286
0.89 18 1 292
0.9 18 1 284
0.1 19 0 0
0.11 19 0 0
0.12 19 0 0
0.13 19 0 0
0.14 19 0 0
0.15 19 0 0
0.16 19 0 0
0.17 19 0 0
0.18 19 0 0
0.19 19 0 0
0.2 19 0 0
0.21 19 0 0
0.22 19 0 0
0.23 19 0 0
0.24 19 0 0
0.25 19 0 0
0.26 19 0 0
0.27 19 0 0
0.28 19 0 0
0.29 19 0 0
0.3 19 0 0
0.31 19 0 0
0.32 19 0 0
0.33 19 0 0
0.34 19 0 0
0.35 19 0 0
0.36 19 0 0
0.37 19 0 0
0.38 19 0 0
0.39 19 0 0
0.4 19 0 0
0.41 19 0 0
0.42 19 0 0
0.43 19 0 0
0.44 19 0 0
0.45 19 1 78
0.46 19 0 0
0.47 19 0 0
0.48 19 1 95
0.49 19 0 0
0.5 19 0 0
0.51 19 0 0
0.52 19 1 80
0.53 19 0 0
0.54 19 1 126
0.55 19 0 0
0.56 19 0 0
0.57 19 0 0
0.58 19 0 0
0.59 19 0 0
0.6 19 0 0
0.61 19 1 180
0.62 19 1 167
0.63 19 1 147
0.64 19 1 172
0.65 19 1 215
0.66 19 1 207
0.67 19 1 170
0.68 19 1 217
0.69 19 1 250
0.7 19 1 236
0.71 19 1 189
0.72 19 1 267
0.73 19 1 266
0.74 19 1 262
0.75 19 1 220
0.76 19 1 252
0.77 19 1 281
0.78 19 1 285
0.79 19 1 273
0.8 19 1 276
0.81 19 1 297
0.82 19 1 302
0.83 19 1 307
0.84 19 1 316
0.85 19 1 305
0.86 19 1 315
0.87 19 1 326
0.88 19 1 314
0.89 19 1 318
0.9 19 1 320
0.1 20 0 0
0.11 20 0 0
0.12 20 0 0
0.13 20 0 0
0.14 20 0 0
0.15 20 0 0
0.16 20 0 0
0.17 20 0 0
0.18 20 0 0
0.19 20 0 0
0.2 20 0 0
0.21 20 0 0
0.22 20 0 0
0.23 20 0 0
0.24 20 0 0
0.25 20 0 0
0.26 20 0 0
0.27 20 0 0
0.28 20 0 0
0.29 20 0 0
0.3 20 0 0
0.31 20 0 0
0.32 20 0 0
0.33 20 0 0
0.34 20 0 0
0.35 20 0 0
0.36 20 0 0
0.37 20 0 0
0.38 20 0 0
0.39 20 0 0
0.4 20 0 0
0.41 20 0 0
0.42 20 0 0
0.43 20 0 0
0.44 20 0 0
0.45 20 0 0
0.46 20 0 0
0.47 20 0 0
0.48 20 0 0
0.49 20 0 0
0.5 20 1 87
0.51 20 0 0
0.52 20 0 0
0.53 20 1 193
0.54 20 0 0
0.55 20 1 123
0.56 20 1 132
0.57 20 1 136
0.58 20 1 116
0.59 20 1 115
0.6 20 1 159
0.61 20 1 198
0.62 20 1 203
0.63 20 1 230
0.64 20 1 226
0.65 20 1 248
0.66 20 1 132
0.67 20 1 247
0.68 20 1 258
0.69 20 1 279
0.7 20 1 259
0.71 20 1 293
0.72 20 1 261
0.73 20 1 276
0.74 20 1 290
0.75 20 1 293
0.76 20 1 314
0.77 20 1 300
0.78 20 1 298
0.79 20 1 317
0.8 20 1 314
0.81 20 1 322
0.82 20 1 332
0.83 20 1 328
0.84 20 1 340
0.85 20 1 348
0.86 20 1 334
0.87 20 1 355
0.88 20 1 352
0.89 20 1 351
0.9 20 1 369
0.1 21 0 0
0.11 21 0 0
0.12 21 0 0
0.13 21 0 0
0.14 21 0 0
0.15 21 0 0
0.16 21 0 0
0.17 21 0 0
0.18 21 0 0
0.19 21 0 0
0.2 21 0 0
0.21 21 0 0
0.22 21 0 0
0.23 21 0 0
0.24 21 0 0
0.25 21 0 0
0.26 21 0 0
0.27 21 0 0
0.28 21 0 0
0.29 21 0 0
0.3 21 0 0
0.31 21 0 0
0.32 21 0 0
0.33 21 0 0
0.34 21 0 0
0.35 21 0 0
0.36 21 0 0
0.37 21 0 0
0.38 21 0 0
0.39 21 0 0
0.4 21 0 0
0.41 21 0 0
0.42 21 0 0
0.43 21 0 0
0.44 21 0 0
0.45 21 0 0
0.46 21 1 136
0.47 21 0 0
0.48 21 0 0
0.49 21 0 0
0.5 21 0 0
0.51 21 0 0
0.52 21 0 0
0.53 21 0 0
0.54 21 0 0
0.55 21 0 0
0.56 21 0 0
0.57 21 1 102
0.58 21 0 0
0.59 21 1 170
0.6 21 1 102
0.61 21 0 0
0.62 21 1 144
0.63 21 0 0
0.64 21 1 279
0.65 21 1 277
0.66 21 1 235
0.67 21 1 296
0.68 21 1 298
0.69 21 1 291
0.7 21 1 301
0.71 21 1 293
0.72 21 1 313
0.73 21 1 306
0.74 21 1 309
0.75 21 1 329
0.76 21 1 334
0.77 21 1 330
0.78 21 1 333
0.79 21 1 352
0.8 21 1 363
0.81 21 1 353
0.82 21 1 344
0.83 21 1 361
0.84 21 1 378
0.85 21 1 360
0.86 21 1 374
0.87 21 1 383
0.88 21 1 391
0.89 21 1 382
0.9 21 1 391
0.1 22 0 0
0.11 22 0 0
0.12 22 0 0
0.13 22 0 0
0.14 22 0 0
0.15 22 0 0
0.16 22 0 0
0.17 22 0 0
0.18 22 0 0
0.19 22 0 0
0.2 22 0 0
0.21 22 0 0
0.22 22 0 0
0.23 22 0 0
0.24 22 0 0
0.25 22 0 0
0.26 22 0 0
0.27 22 0 0
0.28 22 0 0
0.29 22 0 0
0.3 22 0 0
0.31 22 0 0
0.32 22 0 0
0.33 22 0 0
0.34 22 0 0
0.35 22 0 0
0.36 22 0 0
0.37 22 0 0
0.38 22 0 0
0.39 22 0 0
0.4 22 0 0
0.41 22 0 0
0.42 22 0 0
0.43 22 0 0
0.44 22 0 0
0.45 22 0 0
0.46 22 0 0
0.47 22 0 0
0.48 22 0 0
0.49 22 0 0
0.5 22 0 0
0.51 22 0 0
0.52 22 0 0
0.53 22 0 0
0.54 22 1 120
0.55 22 1 190
0.56 22 0 0
0.57 22 1 119
0.58 22 1 170
0.59 22 1 239
0.6 22 1 243
0.61 22 1 284
0.62 22 1 245
0.63 22 1 204
0.64 22 1 257
0.65 22 1 284
0.66 22 1 313
0.67 22 1 308
0.68 22 1 285
0.69 22 1 310
0.7 22 1 337
0.71 22 1 354
0.72 22 1 359
0.73 22 1 352
0.74 22 1 349
0.75 22 1 354
0.76 22 1 331
0.77 22 1 370
0.78 22 1 371
0.79 22 1 386
0.8 22 1 377
0.81 22 1 400
0.82 22 1 403
0.83 22 1 399
0.84 22 1 409
0.85 22 1 413
0.86 22 1 428
0.87 22 1 431
0.88 22 1 432
0.89 22 1 438
0.9 22 1 430
0.1 23 0 0
0.11 23 0 0
0.12 23 0 0
0.13 23 0 0
0.14 23 0 0
0.15 23 0 0
0.16 23 0 0
0.17 23 0 0
0.18 23 0 0
0.19 23 0 0
0.2 23 0 0
0.21 23 0 0
0.22 23 0 0
0.23 23 0 0
0.24 23 0 0
0.25 23 0 0
0.26 23 0 0
0.27 23 0 0
0.28 23 0 0
0.29 23 0 0
0.3 23 0 0
0.31 23 0 0
0.32 23 0 0
0.33 23 0 0
0.34 23 0 0
0.35 23 0 0
0.36 23 0 0
0.37 23 0 0
0.38 23 0 0
0.39 23 0 0
0.4 23 0 0
0.41 23 0 0
0.42 23 0 0
0.43 23 0 0
0.44 23 0 0
0.45 23 0 0
0.46 23 0 0
0.47 23 0 0
0.48 23 0 0
0.49 23 0 0
0.5 23 0 0
0.51 23 0 0
0.52 23 0 0
0.53 23 1 113
0.54 23 0 0
0.55 23 0 0
0.56 23 0 0
0.57 23 0 0
0.58 23 1 160
0.59 23 0 0
0.6 23 0 0
0.61 23 1 336
0.62 23 1 231
0.63 23 1 298
0.64 23 1 303
0.65 23 1 350
0.66 23 1 254
0.67 23 1 124
0.68 23 1 310
0.69 23 1 366
0.7 23 1 313
0.71 23 1 316
0.72 23 1 370
0.73 23 1 371
0.74 23 1 385
0.75 23 1 398
0.76 23 1 406
0.77 23 1 375
0.78 23 1 412
0.79 23 1 409
0.8 23 1 429
0.81 23 1 407
0.82 23 1 425
0.83 23 1 452
0.84 23 1 450
0.85 23 1 446
0.86 23 1 456
0.87 23 1 455
0.88 23 1 459
0.89 23 1 471
0.9 23 1 472
0.1 24 0 0
0.11 24 0 0
0.12 24 0 0
0.13 24 0 0
0.14 24 0 0
0.15 24 0 0
0.16 24 0 0
0.17 24 0 0
0.18 24 0 0
0.19 24 0 0
0.2 24 0 0
0.21 24 0 0
0.22 24 0 0
0.23 24 0 0
0.24 24 0 0
0.25 24 0 0
0.26 24 0 0
0.27 24 0 0
0.28 24 0 0
0.29 24 0 0
0.3 24 0 0
0.31 24 0 0
0.32 24 0 0
0.33 24 0 0
0.34 24 0 0
0.35 24 0 0
0.36 24 0 0
0.37 24 0 0
0.38 24 0 0
0.39 24 0 0
0.4 24 0 0
0.41 24 0 0
0.42 24 0 0
0.43 24 0 0
0.44 24 0 0
0.45 24 0 0
0.46 24 0 0
0.47 24 0 0
0.48 24 0 0
0.49 24 0 0
0.5 24 0 0
0.51 24 0 0
0.52 24 0 0
0.53 24 1 223
0.54 24 0 0
0.55 24 1 112
0.56 24 1 201
0.57 24 0 0
0.58 24 0 0
0.59 24 0 0
0.6 24 1 307
0.61 24 1 136
0.62 24 1 318
0.63 24 1 207
0.64 24 1 302
0.65 24 1 175
0.66 24 1 373
0.67 24 1 364
0.68 24 1 343
0.69 24 1 387
0.7 24 1 380
0.71 24 1 371
0.72 24 1 422
0.73 24 1 400
0.74 24 1 416
0.75 24 1 436
0.76 24 1 427
0.77 24 1 438
0.78 24 1 466
0.79 24 1 443
0.8 24 1 454
0.81 24 1 474
0.82 24 1 473
0.83 24 1 465
0.84 24 1 482
0.85 24 1 488
0.86 24 1 482
0.87 24 1 498
0.88 24 1 505
0.89 24 1 527
0.9 24 1 516
0.1 25 0 0
0.11 25 0 0
0.12 25 0 0
0.13 25 0 0
0.14 25 0 0
0.15 25 0 0
0.16 25 0 0
0.17 25 0 0
0.18 25 0 0
0.19 25 0 0
0.2 25 0 0
0.21 25 0 0
0.22 25 0 0
0.23 25 0 0
0.24 25 0 0
0.25 25 0 0
0.26 25 0 0
0.27 25 0 0
0.28 25 0 0
0.29 25 0 0
0.3 25 0 0
0.31 25 0 0
0.32 25 0 0
0.33 25 0 0
0.34 25 0 0
0.35 25 0 0
0.36 25 0 0
0.37 25 0 0
0.38 25 0 0
0.39 25 0 0
0.4 25 0 0
0.41 25 0 0
0.42 25 0 0
0.43 25 0 0
0.44 25 0 0
0.45 25 0 0
0.46 25 0 0
0.47 25 0 0
0.48 25 0 0
0.49 25 0 0
0.5 25 0 0
0.51 25 0 0
0.52 25 0 0
0.53 25 0 0
0.54 25 0 0
0.55 25 0 0
0.56 25 0 0
0.57 25 1 254
0.58 25 1 143
0.59 25 0 0
0.6 25 1 116
0.61 25 1 258
0.62 25 1 359
0.63 25 1 203
0.64 25 1 358
0.65 25 1 367
0.66 25 1 394
0.67 25 1 331
0.68 25 1 432
0.69 25 1 425
0.7 25 1 436
0.71 25 1 440
0.72 25 1 423
0.73 25 1 416
0.74 25 1 452
0.75 25 1 408
0.76 25 1 441
0.77 25 1 474
0.78 25 1 456
0.79 25 1 473
0.8 25 1 488
0.81 25 1 501
0.82 25 1 507
0.83 25 1 514
0.84 25 1 534
0.85 25 1 543
0.86 25 1 527
0.87 25 1 550
0.88 25 1 566
0.89 25 1 560
0.9 25 1 570
0.1 26 0 0
0.11 26 0 0
0.12 26 0 0
0.13 26 0 0
0.14 26 0 0
0.15 26 0 0
0.16 26 0 0
0.17 26 0 0
0.18 26 0 0
0.19 26 0 0
0.2 26 0 0
0.21 26 0 0
0.22 26 0 0
0.23 26 0 0
0.24 26 0 0
0.25 26 0 0
0.26 26 0 0
0.27 26 0 0
0.28 26 0 0
0.29 26 0 0
0.3 26 0 0
0.31 26 0 0
0.32 26 0 0
0.33 26 0 0
0.34 26 0 0
0.35 26 0 0
0.36 26 0 0
0.37 26 0 0
0.38 26 0 0
0.39 26 0 0
0.4 26 0 0
0.41 26 0 0
0.42 26 0 0
0.43 26 0 0
0.44 26 0 0
0.45 26 0 0
0.46 26 0 0
0.47 26 0 0
0.48 26 0 0
0.49 26 0 0
0.5 26 0 0
0.51 26 0 0
0.52 26 1 108
0.53 26 0 0
0.54 26 0 0
0.55 26 0 0
0.56 26 0 0
0.57 26 0 0
0.58 26 1 235
0.59 26 1 341
0.6 26 1 179
0.61 26 1 384
0.62 26 1 351
0.63 26 1 347
0.64 26 1 377
0.65 26 1 383
0.66 26 1 190
0.67 26 1 419
0.68 26 1 445
0.69 26 1 444
0.7 26 1 483
0.71 26 1 451
0.72 26 1 500
0.73 26 1 508
0.74 26 1 476
0.75 26 1 465
0.76 26 1 498
0.77 26 1 518
0.78 26 1 508
0.79 26 1 536
0.8 26 1 545
0.81 26 1 553
0.82 26 1 561
0.83 26 1 552
0.84 26 1 558
0.85 26 1 579
0.86 26 1 613
0.87 26 1 577
0.88 26 1 599
0.89 26 1 607
0.9 26 1 610
0.1 27 0 0
0.11 27 0 0
0.12 27 0 0
0.13 27 0 0
0.14 27 0 0
0.15 27 0 0
0.16 27 0 0
0.17 27 0 0
0.18 27 0 0
0.19 27 0 0
0.2 27 0 0
0.21 27 0 0
0.22 27 0 0
0.23 27 0 0
0.24 27 0 0
0.25 27 0 0
0.26 27 0 0
0.27 27 0 0
0.28 27 0 0
0.29 27 0 0
0.3 27 0 0
0.31 27 0 0
0.32 27 0 0
0.33 27 0 0
0.34 27 0 0
0.35 27 0 0
0.36 27 0 0
0.37 27 0 0
0.38 27 0 0
0.39 27 0 0
0.4 27 0 0
0.41 27 0 0
0.42 27 0 0
0.43 27 0 0
0.44 27 0 0
0.45 27 0 0
0.46 27 0 0
0.47 27 0 0
0.48 27 0 0
0.49 27 0 0
0.5 27 0 0
0.51 27 0 0
0.52 27 1 147
0.53 27 0 0
0.54 27 0 0
0.55 27 0 0
0.56 27 1 339
0.57 27 1 250
0.58 27 1 277
0.59 27 0 0
0.6 27 1 187
0.61 27 1 322
0.62 27 0 0
0.63 27 1 390
0.64 27 1 379
0.65 27 1 282
0.66 27 1 463
0.67 27 1 478
0.68 27 1 435
0.69 27 1 470
0.7 27 1 349
0.71 27 1 501
0.72 27 1 510
0.73 27 1 535
0.74 27 1 533
0.75 27 1 529
0.76 27 1 544
0.77 27 1 543
0.78 27 1 571
0.79 27 1 567
0.8 27 1 569
0.81 27 1 613
0.82 27 1 603
0.83 27 1 595
0.84 27 1 612
0.85 27 1 609
0.86 27 1 639
0.87 27 1 625
0.88 27 1 649
0.89 27 1 654
0.9 27 1 652
0.1 28 0 0
0.11 28 0 0
0.12 28 0 0
0.13 28 0 0
0.14 28 0 0
0.15 28 0 0
0.16 28 0 0
0.17 28 0 0
0.18 28 0 0
0.19 28 0 0
0.2 28 0 0
0.21 28 0 0
0.22 28 0 0
0.23 28 0 0
0.24 28 0 0
0.25 28 0 0
0.26 28 0 0
0.27 28 0 0
0.28 28 0 0
0.29 28 0 0
0.3 28 0 0
0.31 28 0 0
0.32 28 0 0
0.33 28 0 0
0.34 28 0 0
0.35 28 0 0
0.36 28 0 0
0.37 28 0 0
0.38 28 0 0
0.39 28 0 0
0.4 28 0 0
0.41 28 0 0
0.42 28 0 0
0.43 28 0 0
0.44 28 0 0
0.45 28 0 0
0.46 28 0 0
0.47 28 0 0
0.48 28 0 0
0.49 28 0 0
0.5 28 0 0
0.51 28 0 0
0.52 28 1 214
0.53 28 0 0
0.54 28 0 0
0.55 28 0 0
0.56 28 0 0
0.57 28 1 229
0.58 28 1 343
0.59 28 0 0
0.6 28 1 367
0.61 28 1 250
0.62 28 1 265
0.63 28 1 480
0.64 28 1 434
0.65 28 1 285
0.66 28 1 499
0.67 28 1 460
0.68 28 1 502
0.69 28 1 536
0.7 28 1 552
0.71 28 1 546
0.72 28 1 553
0.73 28 1 562
0.74 28 1 579
0.75 28 1 593
0.76 28 1 590
0.77 28 1 606
0.78 28 1 599
0.79 28 1 620
0.8 28 1 618
0.81 28 1 611
0.82 28 1 635
0.83 28 1 658
0.84 28 1 660
0.85 28 1 691
0.86 28 1 661
0.87 28 1 678
0.88 28 1 689
0.89 28 1 693
0.9 28 1 713
0.1 29 0 0
0.11 29 0 0
0.12 29 0 0
0.13 29 0 0
0.14 29 0 0
0.15 29 0 0
0.16 29 0 0
0.17 29 0 0
0.18 29 0 0
0.19 29 0 0
0.2 29 0 0
0.21 29 0 0
0.22 29 0 0
0.23 29 0 0
0.24 29 0 0
0.25 29 0 0
0.26 29 0 0
0.27 29 0 0
0.28 29 0 0
0.29 29 0 0
0.3 29 0 0
0.31 29 0 0
0.32 29 0 0
0.33 29 0 0
0.34 29 0 0
0.35 29 0 0
0.36 29 0 0
0.37 29 0 0
0.38 29 0 0
0.39 29 0 0
0.4 29 0 0
0.41 29 0 0
0.42 29 0 0
0.43 29 0 0
0.44 29 0 0
0.45 29 0 0
0.46 29 0 0
0.47 29 0 0
0.48 29 0 0
0.49 29 1 180
0.5 29 0 0
0.51 29 0 0
0.52 29 1 227
0.53 29 0 0
0.54 29 0 0
0.55 29 1 251
0.56 29 0 0
0.57 29 0 0
0.58 29 1 267
0.59 29 0 0
0.6 29 1 264
0.61 29 0 0
0.62 29 1 325
0.63 29 1 239
0.64 29 1 376
0.65 29 1 508
0.66 29 1 435
0.67 29 1 494
0.68 29 1 579
0.69 29 1 553
0.7 29 1 565
0.71 29 1 579
0.72 29 1 565
0.73 29 1 611
0.74 29 1 639
0.75 29 1 596
0.76 29 1 598
0.77 29 1 634
0.78 29 1 660
0.79 29 1 637
0.8 29 1 660
0.81 29 1 688
0.82 29 1 678
0.83 29 1 702
0.84 29 1 695
0.85 29 1 703
0.86 29 1 733
0.87 29 1 732
0.88 29 1 751
0.89 29 1 752
0.9 29 1 758
0.1 30 0 0
0.11 30 0 0
0.12 30 0 0
0.13 30 0 0
0.14 30 0 0
0.15 30 0 0
0.16 30 0 0
0.17 30 0 0
0.18 30 0 0
0.19 30 0 0
0.2 30 0 0
0.21 30 0 0
0.22 30 0 0
0.23 30 0 0
0.24 30 0 0
0.25 30 0 0
0.26 30 0 0
0.27 30 0 0
0.28 30 0 0
0.29 30 0 0
0.3 30 0 0
0.31 30 0 0
0.32 30 0 0
0.33 30 0 0
0.34 30 0 0
0.35 30 0 0
0.36 30 0 0
0.37 30 0 0
0.38 30 0 0
0.39 30 0 0
0.4 30 0 0
0.41 30 0 0
0.42 30 0 0
0.43 30 0 0
0.44 30 0 0
0.45 30 0 0
0.46 30 0 0
0.47 30 0 0
0.48 30 0 0
0.49 30 0 0
0.5 30 0 0
0.51 30 0 0
0.52 30 0 0
0.53 30 0 0
0.54 30 0 0
0.55 30 0 0
0.56 30 1 311
0.57 30 1 328
0.58 30 1 294
0.59 30 1 362
0.6 30 1 334
0.61 30 1 536
0.62 30 1 302
0.63 30 1 441
0.64 30 1 384
0.65 30 1 546
0.66 30 1 481
0.67 30 1 538
0.68 30 1 598
0.69 30 1 636
0.7 30 1 567
0.71 30 1 626
0.72 30 1 656
0.73 30 1 622
0.74 30 1 611
0.75 30 1 645
0.76 30 1 687
0.77 30 1 695
0.78 30 1 686
0.79 30 1 714
0.8 30 1 717
0.81 30 1 704
0.82 30 1 731
0.83 30 1 745
0.84 30 1 740
0.85 30 1 781
0.86 30 1 762
0.87 30 1 786
0.88 30 1 782
0.89 30 1 816
0.9 30 1 812
0.1 31 0 0
0.11 31 0 0
0.12 31 0 0
0.13 31 0 0
0.14 31 0 0
0.15 31 0 0
0.16 31 0 0
0.17 31 0 0
0.18 31 0 0
0.19 31 0 0
0.2 31 0 0
0.21 31 0 0
0.22 31 0 0
0.23 31 0 0
0.24 31 0 0
0.25 31 0 0
0.26 31 0 0
0.27 31 0 0
0.28 31 0 0
0.29 31 0 0
0.3 31 0 0
0.31 31 0 0
0.32 31 0 0
0.33 31 0 0
0.34 31 0 0
0.35 31 0 0
0.36 31 0 0
0.37 31 0 0
0.38 31 0 0
0.39 31 0 0
0.4 31 0 0
0.41 31 0 0
0.42 31 0 0
0.43 31 0 0
0.44 31 0 0
0.45 31 0 0
0.46 31 0 0
0.47 31 0 0
0.48 31 0 0
0.49 31 0 0
0.5 31 0 0
0.51 31 0 0
0.52 31 0 0
0.53 31 0 0
0.54 31 0 0
0.55 31 0 0
0.56 31 0 0
0.57 31 0 0
0.58 31 0 0
0.59 31 0 0
0.6 31 1 370
0.61 31 1 275
0.62 31 1 427
0.63 31 1 509
0.64 31 1 483
0.65 31 1 592
0.66 31 1 553
0.67 31 1 623
0.68 31 1 618
0.69 31 1 617
0.7 31 1 635
0.71 31 1 670
0.72 31 1 700
0.73 31 1 658
0.74 31 1 693
0.75 31 1 731
0.76 31 1 706
0.77 31 1 729
0.78 31 1 752
0.79 31 1 741
0.8 31 1 772
0.81 31 1 788
0.82 31 1 760
0.83 31 1 791
0.84 31 1 802
0.85 31 1 801
0.86 31 1 827
0.87 31 1 833
0.88 31 1 842
0.89 31 1 856
0.9 31 1 858
0.1 32 0 0
0.11 32 0 0
0.12 32 0 0
0.13 32 0 0
0.14 32 0 0
0.15 32 0 0
0.16 32 0 0
0.17 32 0 0
0.18 32 0 0
0.19 32 0 0
0.2 32 0 0
0.21 32 0 0
0.22 32 0 0
0.23 32 0 0
0.24 32 0 0
0.25 32 0 0
0.26 32 0 0
0.27 32 0 0
0.28 32 0 0
0.29 32 0 0
0.3 32 0 0
0.31 32 0 0
0.32 32 0 0
0.33 32 0 0
0.34 32 0 0
0.35 32 0 0
0.36 32 0 0
0.37 32 0 0
0.38 32 0 0
0.39 32 0 0
0.4 32 0 0
0.41 32 0 0
0.42 32 0 0
0.43 32 0 0
0.44 32 0 0
0.45 32 0 0
0.46 32 0 0
0.47 32 0 0
0.48 32 0 0
0.49 32 0 0
0.5 32 0 0
0.51 32 0 0
0.52 32 0 0
0.53 32 0 0
0.54 32 0 0
0.55 32 0 0
0.56 32 0 0
0.57 32 0 0
0.58 32 0 0
0.59 32 1 379
0.6 32 1 193
0.61 32 0 0
0.62 32 1 489
0.63 32 1 493
0.64 32 1 399
0.65 32 1 610
0.66 32 1 673
0.67 32 1 703
0.68 32 1 711
0.69 32 1 701
0.7 32 1 683
0.71 32 1 704
0.72 32 1 741
0.73 32 1 697
0.74 32 1 747
0.75 32 1 777
0.76 32 1 759
0.77 32 1 812
0.78 32 1 783
0.79 32 1 796
0.8 32 1 799
0.81 32 1 840
0.82 32 1 824
0.83 32 1 850
0.84 32 1 859
0.85 32 1 844
0.86 32 1 869
0.87 32 1 888
0.88 32 1 912
0.89 32 1 921
0.9 32 1 928
0.1 33 0 0
0.11 33 0 0
0.12 33 0 0
0.13 33 0 0
0.14 33 0 0
0.15 33 0 0
0.16 33 0 0
0.17 33 0 0
0.18 33 0 0
0.19 33 0 0
0.2 33 0 0
0.21 33 0 0
0.22 33 0 0
0.23 33 0 0
0.24 33 0 0
0.25 33 0 0
0.26 33 0 0
0.27 33 0 0
0.28 33 0 0
0.29 33 0 0
0.3 33 0 0
0.31 33 0 0
0.32 33 0 0
0.33 33 0 0
0.34 33 0 0
0.35 33 0 0
0.36 33 0 0
0.37 33 0 0
0.38 33 0 0
0.39 33 0 0
0.4 33 0 0
0.41 33 0 0
0.42 33 0 0
0.43 33 0 0
0.44 33 0 0
0.45 33 0 0
0.46 33 0 0
0.47 33 0 0
0.48 33 0 0
0.49 33 0 0
0.5 33 0 0
0.51 33 0 0
0.52 33 0 0
0.53 33 0 0
0.54 33 0 0
0.55 33 0 0
0.56 33 1 355
0.57 33 0 0
0.58 33 0 0
0.59 33 0 0
0.6 33 0 0
0.61 33 1 464
0.62 33 1 356
0.63 33 1 481
0.64 33 1 622
0.65 33 1 660
0.66 33 1 613
0.67 33 1 594
0.68 33 1 655
0.69 33 1 720
0.7 33 1 709
0.71 33 1 787
0.72 33 1 750
0.73 33 1 788
0.74 33 1 592
0.75 33 1 819
0.76 33 1 823
0.77 33 1 836
0.78 33 1 839
0.79 33 1 840
0.8 33 1 872
0.81 33 1 880
0.82 33 1 891
0.83 33 1 904
0.84 33 1 903
0.85 33 1 934
0.86 33 1 931
0.87 33 1 937
0.88 33 1 948
0.89 33 1 968
0.9 33 1 981
0.1 34 0 0
0.11 34 0 0
0.12 34 0 0
0.13 34 0 0
0.14 34 0 0
0.15 34 0 0
0.16 34 0 0
0.17 34 0 0
0.18 34 0 0
0.19 34 0 0
0.2 34 0 0
0.21 34 0 0
0.22 34 0 0
0.23 34 0 0
0.24 34 0 0
0.25 34 0 0
0.26 34 0 0
0.27 34 0 0
0.28 34 0 0
0.29 34 0 0
0.3 34 0 0
0.31 34 0 0
0.32 34 0 0
0.33 34 0 0
0.34 34 0 0
0.35 34 0 0
0.36 34 0 0
0.37 34 0 0
0.38 34 0 0
0.39 34 0 0
0.4 34 0 0
0.41 34 0 0
0.42 34 0 0
0.43 34 0 0
0.44 34 0 0
0.45 34 0 0
0.46 34 0 0
0.47 34 0 0
0.48 34 0 0
0.49 34 0 0
0.5 34 0 0
0.51 34 0 0
0.52 34 0 0
0.53 34 1 324
0.54 34 0 0
0.55 34 0 0
0.56 34 0 0
0.57 34 1 251
0.58 34 0 0
0.59 34 1 337
0.6 34 1 467
0.61 34 1 419
0.62 34 1 508
0.63 34 1 642
0.64 34 1 710
0.65 34 1 725
0.66 34 1 730
0.67 34 1 791
0.68 34 1 782
0.69 34 1 731
0.7 34 1 821
0.71 34 1 795
0.72 34 1 802
0.73 34 1 832
0.74 34 1 854
0.75 34 1 873
0.76 34 1 866
0.77 34 1 913
0.78 34 1 915
0.79 34 1 879
0.8 34 1 921
0.81 34 1 936
0.82 34 1 933
0.83 34 1 970
0.84 34 1 977
0.85 34 1 985
0.86 34 1 993
0.87 34 1 1007
0.88 34 1 1008
0.89 34 1 1024
0.9 34 1 1046
0.1 35 0 0
0.11 35 0 0
0.12 35 0 0
0.13 35 0 0
0.14 35 0 0
0.15 35 0 0
0.16 35 0 0
0.17 35 0 0
0.18 35 0 0
0.19 35 0 0
0.2 35 0 0
0.21 35 0 0
0.22 35 0 0
0.23 35 0 0
0.24 35 0 0
0.25 35 0 0
0.26 35 0 0
0.27 35 0 0
0.28 35 0 0
0.29 35 0 0
0.3 35 0 0
0.31 35 0 0
0.32 35 0 0
0.33 35 0 0
0.34 35 0 0
0.35 35 0 0
0.36 35 0 0
0.37 35 0 0
0.38 35 0 0
0.39 35 0 0
0.4 35 0 0
0.41 35 0 0
0.42 35 0 0
0.43 35 0 0
0.44 35 0 0
0.45 35 0 0
0.46 35 0 0
0.47 35 0 0
0.48 35 0 0
0.49 35 0 0
0.5 35 0 0
0.51 35 0 0
0.52 35 0 0
0.53 35 0 0
0.54 35 0 0
0.55 35 0 0
0.56 35 0 0
0.57 35 0 0
0.58 35 1 290
0.59 35 1 297
0.6 35 1 265
0.61 35 1 367
0.62 35 0 0
0.63 35 1 627
0.64 35 1 396
0.65 35 1 746
0.66 35 1 777
0.67 35 1 772
0.68 35 1 775
0.69 35 1 816
0.7 35 1 803
0.71 35 1 815
0.72 35 1 866
0.73 35 1 858
0.74 35 1 889
0.75 35 1 886
0.76 35 1 929
0.77 35 1 921
0.78 35 1 978
0.79 35 1 967
0.8 35 1 955
0.81 35 1 976
0.82 35 1 1010
0.83 35 1 1015
0.84 35 1 1031
0.85 35 1 1044
0.86 35 1 1048
0.87 35 1 1066
0.88 35 1 1095
0.89 35 1 1081
0.9 35 1 1115
0.1 36 0 0
0.11 36 0 0
0.12 36 0 0
0.13 36 0 0
0.14 36 0 0
0.15 36 0 0
0.16 36 0 0
0.17 36 0 0
0.18 36 0 0
0.19 36 0 0
0.2 36 0 0
0.21 36 0 0
0.22 36 0 0
0.23 36 0 0
0.24 36 0 0
0.25 36 0 0
0.26 36 0 0
0.27 36 0 0
0.28 36 0 0
0.29 36 0 0
0.3 36 0 0
0.31 36 0 0
0.32 36 0 0
0.33 36 0 0
0.34 36 0 0
0.35 36 0 0
0.36 36 0 0
0.37 36 0 0
0.38 36 0 0
0.39 36 0 0
0.4 36 0 0
0.41 36 0 0
0.42 36 0 0
0.43 36 0 0
0.44 36 0 0
0.45 36 0 0
0.46 36 0 0
0.47 36 0 0
0.48 36 0 0
0.49 36 0 0
0.5 36 0 0
0.51 36 0 0
0.52 36 0 0
0.53 36 0 0
0.54 36 1 359
0.55 36 0 0
0.56 36 1 263
0.57 36 1 351
0.58 36 1 381
0.59 36 1 495
0.6 36 1 700
0.61 36 1 730
0.62 36 1 681
0.63 36 1 689
0.64 36 1 561
0.65 36 1 750
0.66 36 1 771
0.67 36 1 839
0.68 36 1 825
0.69 36 1 855
0.7 36 1 866
0.71 36 1 901
0.72 36 1 927
0.73 36 1 907
0.74 36 1 959
0.75 36 1 948
0.76 36 1 981
0.77 36 1 985
0.78 36 1 981
0.79 36 1 1018
0.8 36 1 1044
0.81 36 1 1043
0.82 36 1 1065
0.83 36 1 1065
0.84 36 1 1052
0.85 36 1 1095
0.86 36 1 1115
0.87 36 1 1104
0.88 36 1 1140
0.89 36 1 1165
0.9 36 1 1161
0.1 37 0 0
0.11 37 0 0
0.12 37 0 0
0.13 37 0 0
0.14 37 0 0
0.15 37 0 0
0.16 37 0 0
0.17 37 0 0
0.18 37 0 0
0.19 37 0 0
0.2 37 0 0
0.21 37 0 0
0.22 37 0 0
0.23 37 0 0
0.24 37 0 0
0.25 37 0 0
0.26 37 0 0
0.27 37 0 0
0.28 37 0 0
0.29 37 0 0
0.3 37 0 0
0.31 37 0 0
0.32 37 0 0
0.33 37 0 0
0.34 37 0 0
0.35 37 0 0
0.36 37 0 0
0.37 37 0 0
0.38 37 0 0
0.39 37 0 0
0.4 37 0 0
0.41 37 0 0
0.42 37 0 0
0.43 37 0 0
0.44 37 0 0
0.45 37 0 0
0.46 37 0 0
0.47 37 0 0
0.48 37 0 0
0.49 37 0 0
0.5 37 0 0
0.51 37 0 0
0.52 37 0 0
0.53 37 0 0
0.54 37 0 0
0.55 37 1 330
0.56 37 1 504
0.57 37 1 343
0.58 37 0 0
0.59 37 1 348
0.6 37 1 711
0.61 37 1 525
0.62 37 1 762
0.63 37 1 693
0.64 37 1 869
0.65 37 1 622
0.66 37 1 759
0.67 37 1 839
0.68 37 1 818
0.69 37 1 923
0.7 37 1 965
0.71 37 1 954
0.72 37 1 933
0.73 37 1 964
0.74 37 1 1003
0.75 37 1 1002
0.76 37 1 1059
0.77 37 1 1023
0.78 37 1 1068
0.79 37 1 1076
0.8 37 1 1072
0.81 37 1 1123
0.82 37 1 1116
0.83 37 1 1152
0.84 37 1 1167
0.85 37 1 1158
0.86 37 1 1180
0.87 37 1 1186
0.88 37 1 1196
0.89 37 1 1209
0.9 37 1 1244
0.1 38 0 0
0.11 38 0 0
0.12 38 0 0
0.13 38 0 0
0.14 38 0 0
0.15 38 0 0
0.16 38 0 0
0.17 38 0 0
0.18 38 0 0
0.19 38 0 0
0.2 38 0 0
0.21 38 0 0
0.22 38 0 0
0.23 38 0 0
0.24 38 0 0
0.25 38 0 0
0.26 38 0 0
0.27 38 0 0
0.28 38 0 0
0.29 38 0 0
0.3 38 0 0
0.31 38 0 0
0.32 38 0 0
0.33 38 0 0
0.34 38 0 0
0.35 38 0 0
0.36 38 0 0
0.37 38 0 0
0.38 38 0 0
0.39 38 0 0
0.4 38 0 0
0.41 38 0 0
0.42 38 0 0
0.43 38 0 0
0.44 38 0 0
0.45 38 0 0
0.46 38 0 0
0.47 38 0 0
0.48 38 0 0
0.49 38 0 0
0.5 38 0 0
0.51 38 0 0
0.52 38 0 0
0.53 38 0 0
0.54 38 0 0
0.55 38 0 0
0.56 38 1 490
0.57 38 1 514
0.58 38 0 0
0.59 38 0 0
0.6 38 1 464
0.61 38 1 811
0.62 38 0 0
0.63 38 1 781
0.64 38 1 531
0.65 38 1 857
0.66 38 1 882
0.67 38 1 892
0.68 38 1 882
0.69 38 1 914
0.7 38 1 982
0.71 38 1 960
0.72 38 1 1030
0.73 38 1 1051
0.74 38 1 1027
0.75 38 1 1084
0.76 38 1 1066
0.77 38 1 1086
0.78 38 1 1103
0.79 38 1 1159
0.8 38 1 1115
0.81 38 1 1177
0.82 38 1 1177
0.83 38 1 1200
0.84 38 1 1225
0.85 38 1 1205
0.86 38 1 1213
0.87 38 1 1265
0.88 38 1 1266
0.89 38 1 1276
0.9 38 1 1287
0.1 39 0 0
0.11 39 0 0
0.12 39 0 0
0.13 39 0 0
0.14 39 0 0
0.15 39 0 0
0.16 39 0 0
0.17 39 0 0
0.18 39 0 0
0.19 39 0 0
0.2 39 0 0
0.21 39 0 0
0.22 39 0 0
0.23 39 0 0
0.24 39 0 0
0.25 39 0 0
0.26 39 0 0
0.27 39 0 0
0.28 39 0 0
0.29 39 0 0
0.3 39 0 0
0.31 39 0 0
0.32 39 0 0
0.33 39 0 0
0.34 39 0 0
0.35 39 0 0
0.36 39 0 0
0.37 39 0 0
0.38 39 0 0
0.39 39 0 0
0.4 39 0 0
0.41 39 0 0
0.42 39 0 0
0.43 39 0 0
0.44 39 0 0
0.45 39 0 0
0.46 39 0 0
0.47 39 0 0
0.48 39 0 0
0.49 39 0 0
0.5 39 0 0
0.51 39 0 0
0.52 39 0 0
0.53 39 0 0
0.54 39 0 0
0.55 39 0 0
0.56 39 0 0
0.57 39 1 654
0.58 39 1 724
0.59 39 0 0
0.6 39 1 328
0.61 39 1 677
0.62 39 1 845
0.63 39 1 552
0.64 39 1 889
0.65 39 1 871
0.66 39 1 960
0.67 39 1 999
0.68 39 1 1009
0.69 39 1 962
0.7 39 1 1003
0.71 39 1 1035
0.72 39 1 1068
0.73 39 1 1092
0.74 39 1 1065
0.75 39 1 1131
0.76 39 1 1132
0.77 39 1 1176
0.78 39 1 1186
0.79 39 1 1205
0.8 39 1 1180
0.81 39 1 1212
0.82 39 1 1211
0.83 39 1 1267
0.84 39 1 1261
0.85 39 1 1307
0.86 39 1 1315
0.87 39 1 1314
0.88 39 1 1338
0.89 39 1 1342
0.9 39 1 1352
0.1 40 0 0
0.11 40 0 0
0.12 40 0 0
0.13 40 0 0
0.14 40 0 0
0.15 40 0 0
0.16 40 0 0
0.17 40 0 0
0.18 40 0 0
0.19 40 0 0
0.2 40 0 0
0.21 40 0 0
0.22 40 0 0
0.23 40 0 0
0.24 40 0 0
0.25 40 0 0
0.26 40 0 0
0.27 40 0 0
0.28 40 0 0
0.29 40 0 0
0.3 40 0 0
0.31 40 0 0
0.32 40 0 0
0.33 40 0 0
0.34 40 0 0
0.35 40 0 0
0.36 40 0 0
0.37 40 0 0
0.38 40 0 0
0.39 40 0 0
0.4 40 0 0
0.41 40 0 0
0.42 40 0 0
0.43 40 0 0
0.44 40 0 0
0.45 40 0 0
0.46 40 0 0
0.47 40 0 0
0.48 40 0 0
0.49 40 0 0
0.5 40 0 0
0.51 40 0 0
0.52 40 0 0
0.53 40 0 0
0.54 40 0 0
0.55 40 0 0
0.56 40 1 475
0.57 40 1 293
0.58 40 1 246
0.59 40 1 698
0.6 40 1 793
0.61 40 1 423
0.62 40 1 679
0.63 40 1 958
0.64 40 1 888
0.65 40 1 556
0.66 40 1 867
0.67 40 1 997
0.68 40 1 1048
0.69 40 1 1120
0.7 40 1 1111
0.71 40 1 1073
0.72 40 1 1114
0.73 40 1 1188
0.74 40 1 1193
0.75 40 1 1198
0.76 40 1 1221
0.77 40 1 1226
0.78 40 1 1218
0.79 40 1 1263
0.8 40 1 1306
0.81 40 1 1283
0.82 40 1 1303
0.83 40 1 1324
0.84 40 1 1329
0.85 40 1 1385
0.86 40 1 1365
0.87 40 1 1389
0.88 40 1 1401
0.89 40 1 1446
0.9 40 1 1450
0.1 41 0 0
0.11 41 0 0
0.12 41 0 0
0.13 41 0 0
0.14 41 0 0
0.15 41 0 0
0.16 41 0 0
0.17 41 0 0
0.18 41 0 0
0.19 41 0 0
0.2 41 0 0
0.21 41 0 0
0.22 41 0 0
0.23 41 0 0
0.24 41 0 0
0.25 41 0 0
0.26 41 0 0
0.27 41 0 0
0.28 41 0 0
0.29 41 0 0
0.3 41 0 0
0.31 41 0 0
0.32 41 0 0
0.33 41 0 0
0.34 41 0 0
0.35 41 0 0
0.36 41 0 0
0.37 41 0 0
0.38 41 0 0
0.39 41 0 0
0.4 41 0 0
0.41 41 0 0
0.42 41 0 0
0.43 41 0 0
0.44 41 0 0
0.45 41 0 0
0.46 41 0 0
0.47 41 0 0
0.48 41 0 0
0.49 41 0 0
0.5 41 0 0
0.51 41 0 0
0.52 41 0 0
0.53 41 0 0
0.54 41 0 0
0.55 41 0 0
0.56 41 0 0
0.57 41 1 595
0.58 41 1 431
0.59 41 1 781
0.6 41 1 456
0.61 41 1 778
0.62 41 1 685
0.63 41 1 784
0.64 41 1 1031
0.65 41 1 949
0.66 41 1 1020
0.67 41 1 932
0.68 41 1 1110
0.69 41 1 1138
0.7 41 1 1120
0.71 41 1 1187
0.72 41 1 1195
0.73 41 1 1208
0.74 41 1 1260
0.75 41 1 1255
0.76 41 1 1278
0.77 41 1 1285
0.78 41 1 1273
0.79 41 1 1331
0.8 41 1 1328
0.81 41 1 1348
0.82 41 1 1372
0.83 41 1 1404
0.84 41 1 1398
0.85 41 1 1391
0.86 41 1 1434
0.87 41 1 1463
0.88 41 1 1502
0.89 41 1 1487
0.9 41 1 1505
0.1 42 0 0
0.11 42 0 0
0.12 42 0 0
0.13 42 0 0
0.14 42 0 0
0.15 42 0 0
0.16 42 0 0
0.17 42 0 0
0.18 42 0 0
0.19 42 0 0
0.2 42 0 0
0.21 42 0 0
0.22 42 0 0
0.23 42 0 0
0.24 42 0 0
0.25 42 0 0
0.26 42 0 0
0.27 42 0 0
0.28 42 0 0
0.29 42 0 0
0.3 42 0 0
0.31 42 0 0
0.32 42 0 0
0.33 42 0 0
0.34 42 0 0
0.35 42 0 0
0.36 42 0 0
0.37 42 0 0
0.38 42 0 0
0.39 42 0 0
0.4 42 0 0
0.41 42 0 0
0.42 42 0 0
0.43 42 0 0
0.44 42 0 0
0.45 42 0 0
0.46 42 0 0
0.47 42 0 0
0.48 42 0 0
0.49 42 0 0
0.5 42 0 0
0.51 42 0 0
0.52 42 0 0
0.53 42 0 0
0.54 42 0 0
0.55 42 0 0
0.56 42 0 0
0.57 42 1 474
0.58 42 0 0
0.59 42 0 0
0.6 42 1 930
0.61 42 1 857
0.62 42 1 1021
0.63 42 1 438
0.64 42 1 838
0.65 42 1 1014
0.66 42 1 1131
0.67 42 1 1119
0.68 42 1 1147
0.69 42 1 1132
0.7 42 1 1170
0.71 42 1 1140
0.72 42 1 1255
0.73 42 1 1265
0.74 42 1 1281
0.75 42 1 1297
0.76 42 1 1310
0.77 42 1 1337
0.78 42 1 1368
0.79 42 1 1388
0.8 42 1 1401
0.81 42 1 1413
0.82 42 1 1417
0.83 42 1 1476
0.84 42 1 1466
0.85 42 1 1459
0.86 42 1 1515
0.87 42 1 1514
0.88 42 1 1541
0.89 42 1 1545
0.9 42 1 1604
0.1 43 0 0
0.11 43 0 0
0.12 43 0 0
0.13 43 0 0
0.14 43 0 0
0.15 43 0 0
0.16 43 0 0
0.17 43 0 0
0.18 43 0 0
0.19 43 0 0
0.2 43 0 0
0.21 43 0 0
0.22 43 0 0
0.23 43 0 0
0.24 43 0 0
0.25 43 0 0
0.26 43 0 0
0.27 43 0 0
0.28 43 0 0
0.29 43 0 0
0.3 43 0 0
0.31 43 0 0
0.32 43 0 0
0.33 43 0 0
0.34 43 0 0
0.35 43 0 0
0.36 43 0 0
0.37 43 0 0
0.38 43 0 0
0.39 43 0 0
0.4 43 0 0
0.41 43 0 0
0.42 43 0 0
0.43 43 0 0
0.44 43 0 0
0.45 43 0 0
0.46 43 0 0
0.47 43 0 0
0.48 43 0 0
0.49 43 0 0
0.5 43 0 0
0.51 43 0 0
0.52 43 0 0
0.53 43 0 0
0.54 43 0 0
0.55 43 1 289
0.56 43 0 0
0.57 43 0 0
0.58 43 0 0
0.59 43 1 403
0.6 43 1 686
0.61 43 1 482
0.62 43 1 1009
0.63 43 1 1077
0.64 43 1 865
0.65 43 1 1038
0.66 43 1 1142
0.67 43 1 1190
0.68 43 1 1187
0.69 43 1 1246
0.7 43 1 1249
0.71 43 1 1214
0.72 43 1 1328
0.73 43 1 1359
0.74 43 1 1326
0.75 43 1 1363
0.76 43 1 1383
0.77 43 1 1407
0.78 43 1 1448
0.79 43 1 1444
0.8 43 1 1482
0.81 43 1 1513
0.82 43 1 1503
0.83 43 1 1536
0.84 43 1 1550
0.85 43 1 1547
0.86 43 1 1604
0.87 43 1 1628
0.88 43 1 1640
0.89 43 1 1663
0.9 43 1 1660
0.1 44 0 0
0.11 44 0 0
0.12 44 0 0
0.13 44 0 0
0.14 44 0 0
0.15 44 0 0
0.16 44 0 0
0.17 44 0 0
0.18 44 0 0
0.19 44 0 0
0.2 44 0 0
0.21 44 0 0
0.22 44 0 0
0.23 44 0 0
0.24 44 0 0
0.25 44 0 0
0.26 44 0 0
0.27 44 0 0
0.28 44 0 0
0.29 44 0 0
0.3 44 0 0
0.31 44 0 0
0.32 44 0 0
0.33 44 0 0
0.34 44 0 0
0.35 44 0 0
0.36 44 0 0
0.37 44 0 0
0.38 44 0 0
0.39 44 0 0
0.4 44 0 0
0.41 44 0 0
0.42 44 0 0
0.43 44 0 0
0.44 44 0 0
0.45 44 0 0
0.46 44 0 0
0.47 44 0 0
0.48 44 0 0
0.49 44 0 0
0.5 44 0 0
0.51 44 0 0
0.52 44 0 0
0.53 44 0 0
0.54 44 0 0
0.55 44 0 0
0.56 44 0 0
0.57 44 0 0
0.58 44 0 0
0.59 44 1 673
0.6 44 0 0
0.61 44 1 852
0.62 44 1 754
0.63 44 1 1075
0.64 44 1 1026
0.65 44 1 1065
0.66 44 1 1216
0.67 44 1 1183
0.68 44 1 1291
0.69 44 1 1315
0.7 44 1 1289
0.71 44 1 1374
0.72 44 1 1374
0.73 44 1 1383
0.74 44 1 1421
0.75 44 1 1427
0.76 44 1 1481
0.77 44 1 1462
0.78 44 1 1466
0.79 44 1 1547
0.8 44 1 1521
0.81 44 1 1538
0.82 44 1 1580
0.83 44 1 1603
0.84 44 1 1624
0.85 44 1 1619
0.86 44 1 1675
0.87 44 1 1682
0.88 44 1 1716
0.89 44 1 1730
0.9 44 1 1748
0.1 45 0 0
0.11 45 0 0
0.12 45 0 0
0.13 45 0 0
0.14 45 0 0
0.15 45 0 0
0.16 45 0 0
0.17 45 0 0
0.18 45 0 0
0.19 45 0 0
0.2 45 0 0
0.21 45 0 0
0.22 45 0 0
0.23 45 0 0
0.24 45 0 0
0.25 45 0 0
0.26 45 0 0
0.27 45 0 0
0.28 45 0 0
0.29 45 0 0
0.3 45 0 0
0.31 45 0 0
0.32 45 0 0
0.33 45 0 0
0.34 45 0 0
0.35 45 0 0
0.36 45 0 0
0.37 45 0 0
0.38 45 0 0
0.39 45 0 0
0.4 45 0 0
0.41 45 0 0
0.42 45 0 0
0.43 45 0 0
0.44 45 0 0
0.45 45 0 0
0.46 45 0 0
0.47 45 0 0
0.48 45 0 0
0.49 45 0 0
0.5 45 0 0
0.51 45 0 0
0.52 45 0 0
0.53 45 0 0
0.54 45 0 0
0.55 45 1 402
0.56 45 1 374
0.57 45 0 0
0.58 45 1 794
0.59 45 0 0
0.6 45 1 935
0.61 45 1 1034
0.62 45 1 1107
0.63 45 1 1144
0.64 45 1 1035
0.65 45 1 1224
0.66 45 1 1215
0.67 45 1 1173
0.68 45 1 1353
0.69 45 1 1329
0.7 45 1 1370
0.71 45 1 1365
0.72 45 1 1400
0.73 45 1 1447
0.74 45 1 1489
0.75 45 1 1545
0.76 45 1 1526
0.77 45 1 1530
0.78 45 1 1565
0.79 45 1 1620
0.8 45 1 1616
0.81 45 1 1656
0.82 45 1 1673
0.83 45 1 1654
0.84 45 1 1730
0.85 45 1 1728
0.86 45 1 1769
0.87 45 1 1775
0.88 45 1 1813
0.89 45 1 1798
0.9 45 1 1807
0.1 46 0 0
0.11 46 0 0
0.12 46 0 0
0.13 46 0 0
0.14 46 0 0
0.15 46 0 0
0.16 46 0 0
0.17 46 0 0
0.18 46 0 0
0.19 46 0 0
0.2 46 0 0
0.21 46 0 0
0.22 46 0 0
0.23 46 0 0
0.24 46 0 0
0.25 46 0 0
0.26 46 0 0
0.27 46 0 0
0.28 46 0 0
0.29 46 0 0
0.3 46 0 0
0.31 46 0 0
0.32 46 0 0
0.33 46 0 0
0.34 46 0 0
0.35 46 0 0
0.36 46 0 0
0.37 46 0 0
0.38 46 0 0
0.39 46 0 0
0.4 46 0 0
0.41 46 0 0
0.42 46 0 0
0.43 46 0 0
0.44 46 0 0
0.45 46 0 0
0.46 46 0 0
0.47 46 0 0
0.48 46 0 0
0.49 46 0 0
0.5 46 0 0
0.51 46 0 0
0.52 46 0 0
0.53 46 0 0
0.54 46 0 0
0.55 46 0 0
0.56 46 0 0
0.57 46 1 839
0.58 46 0 0
0.59 46 0 0
0.6 46 0 0
0.61 46 1 882
0.62 46 1 895
0.63 46 1 1076
0.64 46 1 1225
0.65 46 1 735
0.66 46 1 1221
0.67 46 1 1307
0.68 46 1 1438
0.69 46 1 1434
0.7 46 1 1424
0.71 46 1 1493
0.72 46 1 1480
0.73 46 1 1521
0.74 46 1 1570
0.75 46 1 1617
0.76 46 1 1551
0.77 46 1 1614
0.78 46 1 1605
0.79 46 1 1645
0.8 46 1 1698
0.81 46 1 1695
0.82 46 1 1733
0.83 46 1 1743
0.84 46 1 1778
0.85 46 1 1813
0.86 46 1 1786
0.87 46 1 1816
0.88 46 1 1839
0.89 46 1 1882
0.9 46 1 1898
0.1 47 0 0
0.11 47 0 0
0.12 47 0 0
0.13 47 0 0
0.14 47 0 0
0.15 47 0 0
0.16 47 0 0
0.17 47 0 0
0.18 47 0 0
0.19 47 0 0
0.2 47 0 0
0.21 47 0 0
0.22 47 0 0
0.23 47 0 0
0.24 47 0 0
0.25 47 0 0
0.26 47 0 0
0.27 47 0 0
0.28 47 0 0
0.29 47 0 0
0.3 47 0 0
0.31 47 0 0
0.32 47 0 0
0.33 47 0 0
0.34 47 0 0
0.35 47 0 0
0.36 47 0 0
0.37 47 0 0
0.38 47 0 0
0.39 47 0 0
0.4 47 0 0
0.41 47 0 0
0.42 47 0 0
0.43 47 0 0
0.44 47 0 0
0.45 47 0 0
0.46 47 0 0
0.47 47 0 0
0.48 47 0 0
0.49 47 0 0
0.5 47 0 0
0.51 47 0 0
0.52 47 0 0
0.53 47 0 0
0.54 47 0 0
0.55 47 0 0
0.56 47 0 0
0.57 47 1 1036
0.58 47 0 0
0.59 47 0 0
0.6 47 1 764
0.61 47 1 790
0.62 47 1 465
0.63 47 1 1033
0.64 47 1 1359
0.65 47 1 1253
0.66 47 1 1300
0.67 47 1 1369
0.68 47 1 1493
0.69 47 1 1309
0.7 47 1 1455
0.71 47 1 1534
0.72 47 1 1598
0.73 47 1 1602
0.74 47 1 1647
0.75 47 1 1642
0.76 47 1 1682
0.77 47 1 1643
0.78 47 1 1710
0.79 47 1 1719
0.8 47 1 1756
0.81 47 1 1804
0.82 47 1 1820
0.83 47 1 1858
0.84 47 1 1835
0.85 47 1 1881
0.86 47 1 1861
0.87 47 1 1934
0.88 47 1 1915
0.89 47 1 1994
0.9 47 1 1968
0.1 48 0 0
0.11 48 0 0
0.12 48 0 0
0.13 48 0 0
0.14 48 0 0
0.15 48 0 0
0.16 48 0 0
0.17 48 0 0
0.18 48 0 0
0.19 48 0 0
0.2 48 0 0
0.21 48 0 0
0.22 48 0 0
0.23 48 0 0
0.24 48 0 0
0.25 48 0 0
0.26 48 0 0
0.27 48 0 0
0.28 48 0 0
0.29 48 0 0
0.3 48 0 0
0.31 48 0 0
0.32 48 0 0
0.33 48 0 0
0.34 48 0 0
0.35 48 0 0
0.36 48 0 0
0.37 48 0 0
0.38 48 0 0
0.39 48 0 0
0.4 48 0 0
0.41 48 0 0
0.42 48 0 0
0.43 48 0 0
0.44 48 0 0
0.45 48 0 0
0.46 48 0 0
0.47 48 0 0
0.48 48 0 0
0.49 48 0 0
0.5 48 0 0
0.51 48 0 0
0.52 48 0 0
0.53 48 0 0
0.54 48 0 0
0.55 48 0 0
0.56 48 0 0
0.57 48 0 0
0.58 48 1 846
0.59 48 0 0
0.6 48 0 0
0.61 48 1 1059
0.62 48 1 653
0.63 48 1 1306
0.64 48 1 1379
0.65 48 1 1167
0.66 48 1 1304
0.67 48 1 1432
0.68 48 1 1404
0.69 48 1 1540
0.7 48 1 1519
0.71 48 1 1550
0.72 48 1 1626
0.73 48 1 1644
0.74 48 1 1723
0.75 48 1 1708
0.76 48 1 1724
0.77 48 1 1800
0.78 48 1 1794
0.79 48 1 1783
0.8 48 1 1844
0.81 48 1 1888
0.82 48 1 1916
0.83 48 1 1920
0.84 48 1 1891
0.85 48 1 1988
0.86 48 1 1990
0.87 48 1 2000
0.88 48 1 2018
0.89 48 1 2060
0.9 48 1 2078
0.1 49 0 0
0.11 49 0 0
0.12 49 0 0
0.13 49 0 0
0.14 49 0 0
0.15 49 0 0
0.16 49 0 0
0.17 49 0 0
0.18 49 0 0
0.19 49 0 0
0.2 49 0 0
0.21 49 0 0
0.22 49 0 0
0.23 49 0 0
0.24 49 0 0
0.25 49 0 0
0.26 49 0 0
0.27 49 0 0
0.28 49 0 0
0.29 49 0 0
0.3 49 0 0
0.31 49 0 0
0.32 49 0 0
0.33 49 0 0
0.34 49 0 0
0.35 49 0 0
0.36 49 0 0
0.37 49 0 0
0.38 49 0 0
0.39 49 0 0
0.4 49 0 0
0.41 49 0 0
0.42 49 0 0
0.43 49 0 0
0.44 49 0 0
0.45 49 0 0
0.46 49 0 0
0.47 49 0 0
0.48 49 0 0
0.49 49 0 0
0.5 49 0 0
0.51 49 0 0
0.52 49 0 0
0.53 49 0 0
0.54 49 0 0
0.55 49 0 0
0.56 49 1 294
0.57 49 0 0
0.58 49 0 0
0.59 49 0 0
0.6 49 1 1123
0.61 49 1 1033
0.62 49 1 1269
0.63 49 1 596
0.64 49 1 1211
0.65 49 1 1501
0.66 49 1 696
0.67 49 1 1599
0.68 49 1 1522
0.69 49 1 1549
0.7 49 1 1559
0.71 49 1 1711
0.72 49 1 1734
0.73 49 1 1720
0.74 49 1 1775
0.75 49 1 1786
0.76 49 1 1787
0.77 49 1 1863
0.78 49 1 1845
0.79 49 1 1914
0.8 49 1 1908
0.81 49 1 1930
0.82 49 1 1951
0.83 49 1 1975
0.84 49 1 2047
0.85 49 1 2054
0.86 49 1 2059
0.87 49 1 2084
0.88 49 1 2110
0.89 49 1 2131
0.9 49 1 2167
0.1 50 0 0
0.11 50 0 0
0.12 50 0 0
0.13 50 0 0
0.14 50 0 0
0.15 50 0 0
0.16 50 0 0
0.17 50 0 0
0.18 50 0 0
0.19 50 0 0
0.2 50 0 0
0.21 50 0 0
0.22 50 0 0
0.23 50 0 0
0.24 50 0 0
0.25 50 0 0
0.26 50 0 0
0.27 50 0 0
0.28 50 0 0
0.29 50 0 0
0.3 50 0 0
0.31 50 0 0
0.32 50 0 0
0.33 50 0 0
0.34 50 0 0
0.35 50 0 0
0.36 50 0 0
0.37 50 0 0
0.38 50 0 0
0.39 50 0 0
0.4 50 0 0
0.41 50 0 0
0.42 50 0 0
0.43 50 0 0
0.44 50 0 0
0.45 50 0 0
0.46 50 0 0
0.47 50 0 0
0.48 50 0 0
0.49 50 0 0
0.5 50 0 0
0.51 50 0 0
0.52 50 0 0
0.53 50 0 0
0.54 50 0 0
0.55 50 0 0
0.56 50 0 0
0.57 50 0 0
0.58 50 0 0
0.59 50 1 1076
0.6 50 1 973
0.61 50 1 1215
0.62 50 1 1114
0.63 50 1 1182
0.64 50 1 1005
0.65 50 1 1554
0.66 50 1 1455
0.67 50 1 1676
0.68 50 1 1648
0.69 50 1 1627
0.7 50 1 1602
0.71 50 1 1754
0.72 50 1 1804
0.73 50 1 1814
0.74 50 1 1782
0.75 50 1 1851
0.76 50 1 1896
0.77 50 1 1877
0.78 50 1 1935
0.79 50 1 1963
0.8 50 1 2012
0.81 50 1 2017
0.82 50 1 2033
0.83 50 1 2087
0.84 50 1 2111
0.85 50 1 2119
0.86 50 1 2119
0.87 50 1 2170
0.88 50 1 2224
0.89 50 1 2218
0.9 50 1 2236
0.1 51 0 0
0.11 51 0 0
0.12 51 0 0
0.13 51 0 0
0.14 51 0 0
0.15 51 0 0
0.16 51 0 0
0.17 51 0 0
0.18 51 0 0
0.19 51 0 0
0.2 51 0 0
0.21 51 0 0
0.22 51 0 0
0.23 51 0 0
0.24 51 0 0
0.25 51 0 0
0.26 51 0 0
0.27 51 0 0
0.28 51 0 0
0.29 51 0 0
0.3 51 0 0
0.31 51 0 0
0.32 51 0 0
0.33 51 0 0
0.34 51 0 0
0.35 51 0 0
0.36 51 0 0
0.37 51 0 0
0.38 51 0 0
0.39 51 0 0
0.4 51 0 0
0.41 51 0 0
0.42 51 0 0
0.43 51 0 0
0.44 51 0 0
0.45 51 0 0
0.46 51 0 0
0.47 51 0 0
0.48 51 0 0
0.49 51 0 0
0.5 51 0 0
0.51 51 0 0
0.52 51 0 0
0.53 51 0 0
0.54 51 0 0
0.55 51 0 0
0.56 51 0 0
0.57 51 1 893
0.58 51 1 695
0.59 51 1 1032
0.6 51 1 1163
0.61 51 1 1447
0.62 51 1 1136
0.63 51 1 518
0.64 51 1 1508
0.65 51 1 1500
0.66 51 1 1660
0.67 51 1 1562
0.68 51 1 1760
0.69 51 1 1660
0.7 51 1 1683
0.71 51 1 1763
0.72 51 1 1816
0.73 51 1 1911
0.74 51 1 1944
0.75 51 1 1892
0.76 51 1 1911
0.77 51 1 1967
0.78 51 1 2038
0.79 51 1 2037
0.8 51 1 2079
0.81 51 1 2132
0.82 51 1 2151
0.83 51 1 2128
0.84 51 1 2168
0.85 51 1 2208
0.86 51 1 2254
0.87 51 1 2228
0.88 51 1 2286
0.89 51 1 2337
0.9 51 1 2364
0.1 52 0 0
0.11 52 0 0
0.12 52 0 0
0.13 52 0 0
0.14 52 0 0
0.15 52 0 0
0.16 52 0 0
0.17 52 0 0
0.18 52 0 0
0.19 52 0 0
0.2 52 0 0
0.21 52 0 0
0.22 52 0 0
0.23 52 0 0
0.24 52 0 0
0.25 52 0 0
0.26 52 0 0
0.27 52 0 0
0.28 52 0 0
0.29 52 0 0
0.3 52 0 0
0.31 52 0 0
0.32 52 0 0
0.33 52 0 0
0.34 52 0 0
0.35 52 0 0
0.36 52 0 0
0.37 52 0 0
0.38 52 0 0
0.39 52 0 0
0.4 52 0 0
0.41 52 0 0
0.42 52 0 0
0.43 52 0 0
0.44 52 0 0
0.45 52 0 0
0.46 52 0 0
0.47 52 0 0
0.48 52 0 0
0.49 52 0 0
0.5 52 0 0
0.51 52 0 0
0.52 52 0 0
0.53 52 0 0
0.54 52 0 0
0.55 52 0 0
0.56 52 1 500
0.57 52 0 0
0.58 52 1 1167
0.59 52 1 916
0.6 52 1 932
0.61 52 1 1152
0.62 52 1 1174
0.63 52 1 679
0.64 52 1 1571
0.65 52 1 1544
0.66 52 1 1611
0.67 52 1 1731
0.68 52 1 1734
0.69 52 1 1751
0.7 52 1 1733
0.71 52 1 1867
0.72 52 1 1939
0.73 52 1 1943
0.74 52 1 2006
0.75 52 1 2013
0.76 52 1 2038
0.77 52 1 2041
0.78 52 1 2125
0.79 52 1 2133
0.8 52 1 2183
0.81 52 1 2155
0.82 52 1 2214
0.83 52 1 2230
0.84 52 1 2268
0.85 52 1 2321
0.86 52 1 2320
0.87 52 1 2332
0.88 52 1 2365
0.89 52 1 2404
0.9 52 1 2447
0.1 53 0 0
0.11 53 0 0
0.12 53 0 0
0.13 53 0 0
0.14 53 0 0
0.15 53 0 0
0.16 53 0 0
0.17 53 0 0
0.18 53 0 0
0.19 53 0 0
0.2 53 0 0
0.21 53 0 0
0.22 53 0 0
0.23 53 0 0
0.24 53 0 0
0.25 53 0 0
0.26 53 0 0
0.27 53 0 0
0.28 53 0 0
0.29 53 0 0
0.3 53 0 0
0.31 53 0 0
0.32 53 0 0
0.33 53 0 0
0.34 53 0 0
0.35 53 0 0
0.36 53 0 0
0.37 53 0 0
0.38 53 0 0
0.39 53 0 0
0.4 53 0 0
0.41 53 0 0
0.42 53 0 0
0.43 53 0 0
0.44 53 0 0
0.45 53 0 0
0.46 53 0 0
0.47 53 0 0
0.48 53 0 0
0.49 53 0 0
0.5 53 0 0
0.51 53 0 0
0.52 53 0 0
0.53 53 0 0
0.54 53 0 0
0.55 53 0 0
0.56 53 0 0
0.57 53 1 380
0.58 53 0 0
0.59 53 0 0
0.6 53 0 0
0.61 53 1 605
0.62 53 1 1501
0.63 53 1 1131
0.64 53 1 1373
0.65 53 1 1685
0.66 53 1 1733
0.67 53 1 1729
0.68 53 1 1760
0.69 53 1 1804
0.7 53 1 1872
0.71 53 1 1907
0.72 53 1 2031
0.73 53 1 1984
0.74 53 1 2039
0.75 53 1 2052
0.76 53 1 2094
0.77 53 1 2091
0.78 53 1 2191
0.79 53 1 2234
0.8 53 1 2231
0.81 53 1 2295
0.82 53 1 2286
0.83 53 1 2347
0.84 53 1 2338
0.85 53 1 2386
0.86 53 1 2392
0.87 53 1 2430
0.88 53 1 2470
0.89 53 1 2510
0.9 53 1 2544
0.1 54 0 0
0.11 54 0 0
0.12 54 0 0
0.13 54 0 0
0.14 54 0 0
0.15 54 0 0
0.16 54 0 0
0.17 54 0 0
0.18 54 0 0
0.19 54 0 0
0.2 54 0 0
0.21 54 0 0
0.22 54 0 0
0.23 54 0 0
0.24 54 0 0
0.25 54 0 0
0.26 54 0 0
0.27 54 0 0
0.28 54 0 0
0.29 54 0 0
0.3 54 0 0
0.31 54 0 0
0.32 54 0 0
0.33 54 0 0
0.34 54 0 0
0.35 54 0 0
0.36 54 0 0
0.37 54 0 0
0.38 54 0 0
0.39 54 0 0
0.4 54 0 0
0.41 54 0 0
0.42 54 0 0
0.43 54 0 0
0.44 54 0 0
0.45 54 0 0
0.46 54 0 0
0.47 54 0 0
0.48 54 0 0
0.49 54 0 0
0.5 54 0 0
0.51 54 0 0
0.52 54 0 0
0.53 54 0 0
0.54 54 0 0
0.55 54 0 0
0.56 54 0 0
0.57 54 0 0
0.58 54 1 615
0.59 54 1 696
0.6 54 1 945
0.61 54 0 0
0.62 54 1 1165
0.63 54 1 1466
0.64 54 1 1744
0.65 54 1 1703
0.66 54 1 1788
0.67 54 1 1787
0.68 54 1 1863
0.69 54 1 2014
0.7 54 1 1920
0.71 54 1 1996
0.72 54 1 1988
0.73 54 1 2065
0.74 54 1 2107
0.75 54 1 2159
0.76 54 1 2245
0.77 54 1 2274
0.78 54 1 2266
0.79 54 1 2259
0.8 54 1 2320
0.81 54 1 2337
0.82 54 1 2343
0.83 54 1 2376
0.84 54 1 2410
0.85 54 1 2504
0.86 54 1 2498
0.87 54 1 2534
0.88 54 1 2573
0.89 54 1 2595
0.9 54 1 2635
0.1 55 0 0
0.11 55 0 0
0.12 55 0 0
0.13 55 0 0
0.14 55 0 0
0.15 55 0 0
0.16 55 0 0
0.17 55 0 0
0.18 55 0 0
0.19 55 0 0
0.2 55 0 0
0.21 55 0 0
0.22 55 0 0
0.23 55 0 0
0.24 55 0 0
0.25 55 0 0
0.26 55 0 0
0.27 55 0 0
0.28 55 0 0
0.29 55 0 0
0.3 55 0 0
0.31 55 0 0
0.32 55 0 0
0.33 55 0 0
0.34 55 0 0
0.35 55 0 0
0.36 55 0 0
0.37 55 0 0
0.38 55 0 0
0.39 55 0 0
0.4 55 0 0
0.41 55 0 0
0.42 55 0 0
0.43 55 0 0
0.44 55 0 0
0.45 55 0 0
0.46 55 0 0
0.47 55 0 0
0.48 55 0 0
0.49 55 0 0
0.5 55 0 0
0.51 55 0 0
0.52 55 0 0
0.53 55 0 0
0.54 55 0 0
0.55 55 0 0
0.56 55 0 0
0.57 55 0 0
0.58 55 1 905
0.59 55 1 1092
0.6 55 1 816
0.61 55 1 1254
0.62 55 1 1284
0.63 55 1 1593
0.64 55 1 1815
0.65 55 1 1362
0.66 55 1 1882
0.67 55 1 1957
0.68 55 1 2006
0.69 55 1 2046
0.7 55 1 2125
0.71 55 1 2054
0.72 55 1 2145
0.73 55 1 2178
0.74 55 1 2160
0.75 55 1 2298
0.76 55 1 2299
0.77 55 1 2299
0.78 55 1 2320
0.79 55 1 2421
0.8 55 1 2408
0.81 55 1 2476
0.82 55 1 2466
0.83 55 1 2525
0.84 55 1 2564
0.85 55 1 2574
0.86 55 1 2583
0.87 55 1 2658
0.88 55 1 2693
0.89 55 1 2731
0.9 55 1 2713
0.1 56 0 0
0.11 56 0 0
0.12 56 0 0
0.13 56 0 0
0.14 56 0 0
0.15 56 0 0
0.16 56 0 0
0.17 56 0 0
0.18 56 0 0
0.19 56 0 0
0.2 56 0 0
0.21 56 0 0
0.22 56 0 0
0.23 56 0 0
0.24 56 0 0
0.25 56 0 0
0.26 56 0 0
0.27 56 0 0
0.28 56 0 0
0.29 56 0 0
0.3 56 0 0
0.31 56 0 0
0.32 56 0 0
0.33 56 0 0
0.34 56 0 0
0.35 56 0 0
0.36 56 0 0
0.37 56 0 0
0.38 56 0 0
0.39 56 0 0
0.4 56 0 0
0.41 56 0 0
0.42 56 0 0
0.43 56 0 0
0.44 56 0 0
0.45 56 0 0
0.46 56 0 0
0.47 56 0 0
0.48 56 0 0
0.49 56 0 0
0.5 56 0 0
0.51 56 0 0
0.52 56 0 0
0.53 56 0 0
0.54 56 0 0
0.55 56 1 315
0.56 56 1 831
0.57 56 0 0
0.58 56 1 908
0.59 56 1 1193
0.6 56 1 1182
0.61 56 1 1230
0.62 56 1 1515
0.63 56 1 1724
0.64 56 1 1674
0.65 56 1 1849
0.66 56 1 1720
0.67 56 1 1994
0.68 56 1 2013
0.69 56 1 2146
0.7 56 1 2087
0.71 56 1 2183
0.72 56 1 2228
0.73 56 1 2260
0.74 56 1 2332
0.75 56 1 2309
0.76 56 1 2337
0.77 56 1 2392
0.78 56 1 2412
0.79 56 1 2438
0.8 56 1 2512
0.81 56 1 2453
0.82 56 1 2575
0.83 56 1 2635
0.84 56 1 2617
0.85 56 1 2669
0.86 56 1 2693
0.87 56 1 2718
0.88 56 1 2780
0.89 56 1 2802
0.9 56 1 2817
0.1 57 0 0
0.11 57 0 0
0.12 57 0 0
0.13 57 0 0
0.14 57 0 0
0.15 57 0 0
0.16 57 0 0
0.17 57 0 0
0.18 57 0 0
0.19 57 0 0
0.2 57 0 0
0.21 57 0 0
0.22 57 0 0
0.23 57 0 0
0.24 57 0 0
0.25 57 0 0
0.26 57 0 0
0.27 57 0 0
0.28 57 0 0
0.29 57 0 0
0.3 57 0 0
0.31 57 0 0
0.32 57 0 0
0.33 57 0 0
0.34 57 0 0
0.35 57 0 0
0.36 57 0 0
0.37 57 0 0
0.38 57 0 0
0.39 57 0 0
0.4 57 0 0
0.41 57 0 0
0.42 57 0 0
0.43 57 0 0
0.44 57 0 0
0.45 57 0 0
0.46 57 0 0
0.47 57 0 0
0.48 57 0 0
0.49 57 0 0
0.5 57 0 0
0.51 57 0 0
0.52 57 0 0
0.53 57 0 0
0.54 57 0 0
0.55 57 0 0
0.56 57 0 0
0.57 57 1 1080
0.58 57 1 536
0.59 57 0 0
0.6 57 1 1030
0.61 57 1 609
0.62 57 1 1353
0.63 57 1 1794
0.64 57 1 1870
0.65 57 1 1961
0.66 57 1 2004
0.67 57 1 2025
0.68 57 1 2131
0.69 57 1 2128
0.7 57 1 2123
0.71 57 1 2270
0.72 57 1 2340
0.73 57 1 2353
0.74 57 1 2386
0.75 57 1 2444
0.76 57 1 2461
0.77 57 1 2471
0.78 57 1 2506
0.79 57 1 2585
0.8 57 1 2603
0.81 57 1 2647
0.82 57 1 2657
0.83 57 1 2666
0.84 57 1 2729
0.85 57 1 2749
0.86 57 1 2800
0.87 57 1 2827
0.88 57 1 2850
0.89 57 1 2898
0.9 57 1 2949
0.1 58 0 0
0.11 58 0 0
0.12 58 0 0
0.13 58 0 0
0.14 58 0 0
0.15 58 0 0
0.16 58 0 0
0.17 58 0 0
0.18 58 0 0
0.19 58 0 0
0.2 58 0 0
0.21 58 0 0
0.22 58 0 0
0.23 58 0 0
0.24 58 0 0
0.25 58 0 0
0.26 58 0 0
0.27 58 0 0
0.28 58 0 0
0.29 58 0 0
0.3 58 0 0
0.31 58 0 0
0.32 58 0 0
0.33 58 0 0
0.34 58 0 0
0.35 58 0 0
0.36 58 0 0
0.37 58 0 0
0.38 58 0 0
0.39 58 0 0
0.4 58 0 0
0.41 58 0 0
0.42 58 0 0
0.43 58 0 0
0.44 58 0 0
0.45 58 0 0
0.46 58 0 0
0.47 58 0 0
0.48 58 0 0
0.49 58 0 0
0.5 58 0 0
0.51 58 0 0
0.52 58 0 0
0.53 58 0 0
0.54 58 1 911
0.55 58 0 0
0.56 58 0 0
0.57 58 1 1027
0.58 58 1 1294
0.59 58 0 0
0.6 58 0 0
0.61 58 1 1698
0.62 58 1 1447
0.63 58 1 1794
0.64 58 1 1963
0.65 58 1 1831
0.66 58 1 2074
0.67 58 1 2005
0.68 58 1 2279
0.69 58 1 2210
0.7 58 1 2314
0.71 58 1 2411
0.72 58 1 2382
0.73 58 1 2388
0.74 58 1 2376
0.75 58 1 2457
0.76 58 1 2553
0.77 58 1 2607
0.78 58 1 2594
0.79 58 1 2678
0.8 58 1 2674
0.81 58 1 2689
0.82 58 1 2749
0.83 58 1 2768
0.84 58 1 2791
0.85 58 1 2851
0.86 58 1 2864
0.87 58 1 2931
0.88 58 1 2958
0.89 58 1 2977
0.9 58 1 3027
0.1 59 0 0
0.11 59 0 0
0.12 59 0 0
0.13 59 0 0
0.14 59 0 0
0.15 59 0 0
0.16 59 0 0
0.17 59 0 0
0.18 59 0 0
0.19 59 0 0
0.2 59 0 0
0.21 59 0 0
0.22 59 0 0
0.23 59 0 0
0.24 59 0 0
0.25 59 0 0
0.26 59 0 0
0.27 59 0 0
0.28 59 0 0
0.29 59 0 0
0.3 59 0 0
0.31 59 0 0
0.32 59 0 0
0.33 59 0 0
0.34 59 0 0
0.35 59 0 0
0.36 59 0 0
0.37 59 0 0
0.38 59 0 0
0.39 59 0 0
0.4 59 0 0
0.41 59 0 0
0.42 59 0 0
0.43 59 0 0
0.44 59 0 0
0.45 59 0 0
0.46 59 0 0
0.47 59 0 0
0.48 59 0 0
0.49 59 0 0
0.5 59 0 0
0.51 59 0 0
0.52 59 0 0
0.53 59 0 0
0.54 59 0 0
0.55 59 0 0
0.56 59 0 0
0.57 59 0 0
0.58 59 1 1253
0.59 59 1 1200
0.6 59 1 1076
0.61 59 1 1877
0.62 59 1 1673
0.63 59 1 1791
0.64 59 1 1871
0.65 59 1 2068
0.66 59 1 2233
0.67 59 1 2091
0.68 59 1 2256
0.69 59 1 2301
0.7 59 1 2367
0.71 59 1 2405
0.72 59 1 2486
0.73 59 1 2513
0.74 59 1 2535
0.75 59 1 2601
0.76 59 1 2592
0.77 59 1 2681
0.78 59 1 2682
0.79 59 1 2768
0.8 59 1 2726
0.81 59 1 2835
0.82 59 1 2877
0.83 59 1 2881
0.84 59 1 2916
0.85 59 1 2979
0.86 59 1 3005
0.87 59 1 3048
0.88 59 1 3052
0.89 59 1 3071
0.9 59 1 3161
0.1 60 0 0
0.11 60 0 0
0.12 60 0 0
0.13 60 0 0
0.14 60 0 0
0.15 60 0 0
0.16 60 0 0
0.17 60 0 0
0.18 60 0 0
0.19 60 0 0
0.2 60 0 0
0.21 60 0 0
0.22 60 0 0
0.23 60 0 0
0.24 60 0 0
0.25 60 0 0
0.26 60 0 0
0.27 60 0 0
0.28 60 0 0
0.29 60 0 0
0.3 60 0 0
0.31 60 0 0
0.32 60 0 0
0.33 60 0 0
0.34 60 0 0
0.35 60 0 0
0.36 60 0 0
0.37 60 0 0
0.38 60 0 0
0.39 60 0 0
0.4 60 0 0
0.41 60 0 0
0.42 60 0 0
0.43 60 0 0
0.44 60 0 0
0.45 60 0 0
0.46 60 0 0
0.47 60 0 0
0.48 60 0 0
0.49 60 0 0
0.5 60 0 0
0.51 60 0 0
0.52 60 0 0
0.53 60 1 584
0.54 60 0 0
0.55 60 1 663
0.56 60 0 0
0.57 60 0 0
0.58 60 0 0
0.59 60 1 1668
0.6 60 1 1034
0.61 60 1 1847
0.62 60 1 827
0.63 60 1 1948
0.64 60 1 2025
0.65 60 1 2055
0.66 60 1 2011
0.67 60 1 2293
0.68 60 1 2355
0.69 60 1 2396
0.7 60 1 2316
0.71 60 1 2535
0.72 60 1 2581
0.73 60 1 2630
0.74 60 1 2514
0.75 60 1 2620
0.76 60 1 2705
0.77 60 1 2768
0.78 60 1 2838
0.79 60 1 2810
0.8 60 1 2875
0.81 60 1 2938
0.82 60 1 2976
0.83 60 1 2987
0.84 60 1 3020
0.85 60 1 3060
0.86 60 1 3111
0.87 60 1 3147
0.88 60 1 3157
0.89 60 1 3192
0.9 60 1 3244
0.1 61 0 0
0.11 61 0 0
0.12 61 0 0
0.13 61 0 0
0.14 61 0 0
0.15 61 0 0
0.16 61 0 0
0.17 61 0 0
0.18 61 0 0
0.19 61 0 0
0.2 61 0 0
0.21 61 0 0
0.22 61 0 0
0.23 61 0 0
0.24 61 0 0
0.25 61 0 0
0.26 61 0 0
0.27 61 0 0
0.28 61 0 0
0.29 61 0 0
0.3 61 0 0
0.31 61 0 0
0.32 61 0 0
0.33 61 0 0
0.34 61 0 0
0.35 61 0 0
0.36 61 0 0
0.37 61 0 0
0.38 61 0 0
0.39 61 0 0
0.4 61 0 0
0.41 61 0 0
0.42 61 0 0
0.43 61 0 0
0.44 61 0 0
0.45 61 0 0
0.46 61 0 0
0.47 61 0 0
0.48 61 0 0
0.49 61 0 0
0.5 61 0 0
0.51 61 0 0
0.52 61 0 0
0.53 61 0 0
0.54 61 0 0
0.55 61 1 663
0.56 61 1 1214
0.57 61 0 0
0.58 61 0 0
0.59 61 1 1197
0.6 61 1 753
0.61 61 1 1962
0.62 61 1 2177
0.63 61 1 1917
0.64 61 1 1989
0.65 61 1 2374
0.66 61 1 2170
0.67 61 1 2081
0.68 61 1 2258
0.69 61 1 2395
0.7 61 1 2573
0.71 61 1 2657
0.72 61 1 2660
0.73 61 1 2675
0.74 61 1 2738
0.75 61 1 2770
0.76 61 1 2819
0.77 61 1 2854
0.78 61 1 2868
0.79 61 1 2925
0.8 61 1 2954
0.81 61 1 3037
0.82 61 1 3020
0.83 61 1 3087
0.84 61 1 3157
0.85 61 1 3153
0.86 61 1 3191
0.87 61 1 3232
0.88 61 1 3253
0.89 61 1 3315
0.9 61 1 3334
0.1 62 0 0
0.11 62 0 0
0.12 62 0 0
0.13 62 0 0
0.14 62 0 0
0.15 62 0 0
0.16 62 0 0
0.17 62 0 0
0.18 62 0 0
0.19 62 0 0
0.2 62 0 0
0.21 62 0 0
0.22 62 0 0
0.23 62 0 0
0.24 62 0 0
0.25 62 0 0
0.26 62 0 0
0.27 62 0 0
0.28 62 0 0
0.29 62 0 0
0.3 62 0 0
0.31 62 0 0
0.32 62 0 0
0.33 62 0 0
0.34 62 0 0
0.35 62 0 0
0.36 62 0 0
0.37 62 0 0
0.38 62 0 0
0.39 62 0 0
0.4 62 0 0
0.41 62 0 0
0.42 62 0 0
0.43 62 0 0
0.44 62 0 0
0.45 62 0 0
0.46 62 0 0
0.47 62 0 0
0.48 62 0 0
0.49 62 0 0
0.5 62 0 0
0.51 62 0 0
0.52 62 0 0
0.53 62 0 0
0.54 62 0 0
0.55 62 0 0
0.56 62 0 0
0.57 62 1 838
0.58 62 1 1117
0.59 62 0 0
0.6 62 1 1975
0.61 62 1 1597
0.62 62 1 1423
0.63 62 1 1954
0.64 62 1 2205
0.65 62 1 2324
0.66 62 1 2352
0.67 62 1 2421
0.68 62 1 2417
0.69 62 1 2100
0.7 62 1 2588
0.71 62 1 2671
0.72 62 1 2663
0.73 62 1 2690
0.74 62 1 2817
0.75 62 1 2832
0.76 62 1 2931
0.77 62 1 2998
0.78 62 1 3001
0.79 62 1 3090
0.8 62 1 3112
0.81 62 1 3133
0.82 62 1 3134
0.83 62 1 3191
0.84 62 1 3212
0.85 62 1 3289
0.86 62 1 3320
0.87 62 1 3340
0.88 62 1 3399
0.89 62 1 3457
0.9 62 1 3492
0.1 63 0 0
0.11 63 0 0
0.12 63 0 0
0.13 63 0 0
0.14 63 0 0
0.15 63 0 0
0.16 63 0 0
0.17 63 0 0
0.18 63 0 0
0.19 63 0 0
0.2 63 0 0
0.21 63 0 0
0.22 63 0 0
0.23 63 0 0
0.24 63 0 0
0.25 63 0 0
0.26 63 0 0
0.27 63 0 0
0.28 63 0 0
0.29 63 0 0
0.3 63 0 0
0.31 63 0 0
0.32 63 0 0
0.33 63 0 0
0.34 63 0 0
0.35 63 0 0
0.36 63 0 0
0.37 63 0 0
0.38 63 0 0
0.39 63 0 0
0.4 63 0 0
0.41 63 0 0
0.42 63 0 0
0.43 63 0 0
0.44 63 0 0
0.45 63 0 0
0.46 63 0 0
0.47 63 0 0
0.48 63 0 0
0.49 63 0 0
0.5 63 0 0
0.51 63 1 432
0.52 63 0 0
0.53 63 0 0
0.54 63 0 0
0.55 63 0 0
0.56 63 0 0
0.57 63 0 0
0.58 63 1 943
0.59 63 1 1875
0.6 63 1 1179
0.61 63 1 1146
0.62 63 1 2261
0.63 63 1 1258
0.64 63 1 2190
0.65 63 1 2484
0.66 63 1 2328
0.67 63 1 2504
0.68 63 1 2571
0.69 63 1 2466
0.7 63 1 2698
0.71 63 1 2762
0.72 63 1 2826
0.73 63 1 2881
0.74 63 1 2861
0.75 63 1 2934
0.76 63 1 3049
0.77 63 1 3019
0.78 63 1 3094
0.79 63 1 3156
0.8 63 1 3146
0.81 63 1 3212
0.82 63 1 3291
0.83 63 1 3287
0.84 63 1 3308
0.85 63 1 3357
0.86 63 1 3445
0.87 63 1 3429
0.88 63 1 3476
0.89 63 1 3535
0.9 63 1 3576
0.1 64 0 0
0.11 64 0 0
0.12 64 0 0
0.13 64 0 0
0.14 64 0 0
0.15 64 0 0
0.16 64 0 0
0.17 64 0 0
0.18 64 0 0
0.19 64 0 0
0.2 64 0 0
0.21 64 0 0
0.22 64 0 0
0.23 64 0 0
0.24 64 0 0
0.25 64 0 0
0.26 64 0 0
0.27 64 0 0
0.28 64 0 0
0.29 64 0 0
0.3 64 0 0
0.31 64 0 0
0.32 64 0 0
0.33 64 0 0
0.34 64 0 0
0.35 64 0 0
0.36 64 0 0
0.37 64 0 0
0.38 64 0 0
0.39 64 0 0
0.4 64 0 0
0.41 64 0 0
0.42 64 0 0
0.43 64 0 0
0.44 64 0 0
0.45 64 0 0
0.46 64 0 0
0.47 64 0 0
0.48 64 0 0
0.49 64 0 0
0.5 64 0 0
0.51 64 0 0
0.52 64 0 0
0.53 64 0 0
0.54 64 0 0
0.55 64 0 0
0.56 64 1 692
0.57 64 0 0
0.58 64 1 1036
0.59 64 1 1157
0.6 64 1 1259
0.61 64 1 2032
0.62 64 1 1576
0.63 64 1 2136
0.64 64 1 2438
0.65 64 1 2445
0.66 64 1 2388
0.67 64 1 2588
0.68 64 1 2726
0.69 64 1 2782
0.7 64 1 2750
0.71 64 1 2876
0.72 64 1 2905
0.73 64 1 2994
0.74 64 1 2987
0.75 64 1 3039
0.76 64 1 3082
0.77 64 1 3160
0.78 64 1 3176
0.79 64 1 3221
0.8 64 1 3215
0.81 64 1 3301
0.82 64 1 3425
0.83 64 1 3397
0.84 64 1 3453
0.85 64 1 3491
0.86 64 1 3495
0.87 64 1 3579
0.88 64 1 3615
0.89 64 1 3652
0.9 64 1 3682
0.1 65 0 0
0.11 65 0 0
0.12 65 0 0
0.13 65 0 0
0.14 65 0 0
0.15 65 0 0
0.16 65 0 0
0.17 65 0 0
0.18 65 0 0
0.19 65 0 0
0.2 65 0 0
0.21 65 0 0
0.22 65 0 0
0.23 65 0 0
0.24 65 0 0
0.25 65 0 0
0.26 65 0 0
0.27 65 0 0
0.28 65 0 0
0.29 65 0 0
0.3 65 0 0
0.31 65 0 0
0.32 65 0 0
0.33 65 0 0
0.34 65 0 0
0.35 65 0 0
0.36 65 0 0
0.37 65 0 0
0.38 65 0 0
0.39 65 0 0
0.4 65 0 0
0.41 65 0 0
0.42 65 0 0
0.43 65 0 0
0.44 65 0 0
0.45 65 0 0
0.46 65 0 0
0.47 65 0 0
0.48 65 0 0
0.49 65 0 0
0.5 65 0 0
0.51 65 0 0
0.52 65 0 0
0.53 65 0 0
0.54 65 0 0
0.55 65 0 0
0.56 65 0 0
0.57 65 0 0
0.58 65 0 0
0.59 65 0 0
0.6 65 1 1955
0.61 65 1 1992
0.62 65 1 2300
0.63 65 1 2409
0.64 65 1 2518
0.65 65 1 2401
0.66 65 1 2496
0.67 65 1 2448
0.68 65 1 2592
0.69 65 1 2812
0.7 65 1 2909
0.71 65 1 2873
0.72 65 1 2940
0.73 65 1 3050
0.74 65 1 3132
0.75 65 1 3072
0.76 65 1 3149
0.77 65 1 3297
0.78 65 1 3275
0.79 65 1 3308
0.8 65 1 3326
0.81 65 1 3403
0.82 65 1 3503
0.83 65 1 3521
0.84 65 1 3536
0.85 65 1 3585
0.86 65 1 3657
0.87 65 1 3717
0.88 65 1 3679
0.89 65 1 3759
0.9 65 1 3803
0.1 66 0 0
0.11 66 0 0
0.12 66 0 0
0.13 66 0 0
0.14 66 0 0
0.15 66 0 0
0.16 66 0 0
0.17 66 0 0
0.18 66 0 0
0.19 66 0 0
0.2 66 0 0
0.21 66 0 0
0.22 66 0 0
0.23 66 0 0
0.24 66 0 0
0.25 66 0 0
0.26 66 0 0
0.27 66 0 0
0.28 66 0 0
0.29 66 0 0
0.3 66 0 0
0.31 66 0 0
0.32 66 0 0
0.33 66 0 0
0.34 66 0 0
0.35 66 0 0
0.36 66 0 0
0.37 66 0 0
0.38 66 0 0
0.39 66 0 0
0.4 66 0 0
0.41 66 0 0
0.42 66 0 0
0.43 66 0 0
0.44 66 0 0
0.45 66 0 0
0.46 66 0 0
0.47 66 0 0
0.48 66 0 0
0.49 66 0 0
0.5 66 0 0
0.51 66 0 0
0.52 66 0 0
0.53 66 0 0
0.54 66 0 0
0.55 66 0 0
0.56 66 0 0
0.57 66 1 808
0.58 66 1 1886
0.59 66 1 1486
0.6 66 1 890
0.61 66 1 1848
0.62 66 1 930
0.63 66 1 2455
0.64 66 1 2443
0.65 66 1 2500
0.66 66 1 2467
0.67 66 1 2657
0.68 66 1 2852
0.69 66 1 2754
0.7 66 1 3019
0.71 66 1 3010
0.72 66 1 3038
0.73 66 1 3211
0.74 66 1 3165
0.75 66 1 3208
0.76 66 1 3295
0.77 66 1 3361
0.78 66 1 3388
0.79 66 1 3450
0.8 66 1 3474
0.81 66 1 3527
0.82 66 1 3582
0.83 66 1 3609
0.84 66 1 3662
0.85 66 1 3704
0.86 66 1 3738
0.87 66 1 3803
0.88 66 1 3826
0.89 66 1 3888
0.9 66 1 3908
0.1 67 0 0
0.11 67 0 0
0.12 67 0 0
0.13 67 0 0
0.14 67 0 0
0.15 67 0 0
0.16 67 0 0
0.17 67 0 0
0.18 67 0 0
0.19 67 0 0
0.2 67 0 0
0.21 67 0 0
0.22 67 0 0
0.23 67 0 0
0.24 67 0 0
0.25 67 0 0
0.26 67 0 0
0.27 67 0 0
0.28 67 0 0
0.29 67 0 0
0.3 67 0 0
0.31 67 0 0
0.32 67 0 0
0.33 67 0 0
0.34 67 0 0
0.35 67 0 0
0.36 67 0 0
0.37 67 0 0
0.38 67 0 0
0.39 67 0 0
0.4 67 0 0
0.41 67 0 0
0.42 67 0 0
0.43 67 0 0
0.44 67 0 0
0.45 67 0 0
0.46 67 0 0
0.47 67 0 0
0.48 67 0 0
0.49 67 0 0
0.5 67 0 0
0.51 67 0 0
0.52 67 0 0
0.53 67 0 0
0.54 67 0 0
0.55 67 0 0
0.56 67 0 0
0.57 67 0 0
0.58 67 1 1176
0.59 67 1 1399
0.6 67 1 1543
0.61 67 1 1655
0.62 67 1 2639
0.63 67 1 2579
0.64 67 1 2589
0.65 67 1 2676
0.66 67 1 2793
0.67 67 1 2925
0.68 67 1 2956
0.69 67 1 3021
0.7 67 1 3106
0.71 67 1 3231
0.72 67 1 3163
0.73 67 1 3244
0.74 67 1 3289
0.75 67 1 3282
0.76 67 1 3415
0.77 67 1 3403
0.78 67 1 3456
0.79 67 1 3507
0.8 67 1 3591
0.81 67 1 3670
0.82 67 1 3695
0.83 67 1 3726
0.84 67 1 3722
0.85 67 1 3818
0.86 67 1 3884
0.87 67 1 3897
0.88 67 1 3957
0.89 67 1 3968
0.9 67 1 4037
0.1 68 0 0
0.11 68 0 0
0.12 68 0 0
0.13 68 0 0
0.14 68 0 0
0.15 68 0 0
0.16 68 0 0
0.17 68 0 0
0.18 68 0 0
0.19 68 0 0
0.2 68 0 0
0.21 68 0 0
0.22 68 0 0
0.23 68 0 0
0.24 68 0 0
0.25 68 0 0
0.26 68 0 0
0.27 68 0 0
0.28 68 0 0
0.29 68 0 0
0.3 68 0 0
0.31 68 0 0
0.32 68 0 0
0.33 68 0 0
0.34 68 0 0
0.35 68 0 0
0.36 68 0 0
0.37 68 0 0
0.38 68 0 0
0.39 68 0 0
0.4 68 0 0
0.41 68 0 0
0.42 68 0 0
0.43 68 0 0
0.44 68 0 0
0.45 68 0 0
0.46 68 0 0
0.47 68 0 0
0.48 68 0 0
0.49 68 0 0
0.5 68 0 0
0.51 68 0 0
0.52 68 0 0
0.53 68 0 0
0.54 68 0 0
0.55 68 0 0
0.56 68 0 0
0.57 68 1 658
0.58 68 0 0
0.59 68 0 0
0.6 68 1 1058
0.61 68 1 1990
0.62 68 1 2523
0.63 68 1 2410
0.64 68 1 2763
0.65 68 1 2698
0.66 68 1 2734
0.67 68 1 2966
0.68 68 1 2647
0.69 68 1 3063
0.7 68 1 3162
0.71 68 1 3141
0.72 68 1 3270
0.73 68 1 3356
0.74 68 1 3401
0.75 68 1 3420
0.76 68 1 3498
0.77 68 1 3536
0.78 68 1 3543
0.79 68 1 3638
0.8 68 1 3700
0.81 68 1 3764
0.82 68 1 3764
0.83 68 1 3816
0.84 68 1 3800
0.85 68 1 3954
0.86 68 1 4008
0.87 68 1 4025
0.88 68 1 4066
0.89 68 1 4073
0.9 68 1 4134
0.1 69 0 0
0.11 69 0 0
0.12 69 0 0
0.13 69 0 0
0.14 69 0 0
0.15 69 0 0
0.16 69 0 0
0.17 69 0 0
0.18 69 0 0
0.19 69 0 0
0.2 69 0 0
0.21 69 0 0
0.22 69 0 0
0.23 69 0 0
0.24 69 0 0
0.25 69 0 0
0.26 69 0 0
0.27 69 0 0
0.28 69 0 0
0.29 69 0 0
0.3 69 0 0
0.31 69 0 0
0.32 69 0 0
0.33 69 0 0
0.34 69 0 0
0.35 69 0 0
0.36 69 0 0
0.37 69 0 0
0.38 69 0 0
0.39 69 0 0
0.4 69 0 0
0.41 69 0 0
0.42 69 0 0
0.43 69 0 0
0.44 69 0 0
0.45 69 0 0
0.46 69 0 0
0.47 69 0 0
0.48 69 0 0
0.49 69 0 0
0.5 69 0 0
0.51 69 0 0
0.52 69 0 0
0.53 69 0 0
0.54 69 0 0
0.55 69 0 0
0.56 69 0 0
0.57 69 0 0
0.58 69 0 0
0.59 69 0 0
0.6 69 1 1924
0.61 69 1 997
0.62 69 1 2525
0.63 69 1 1487
0.64 69 1 2822
0.65 69 1 2497
0.66 69 1 2615
0.67 69 1 3053
0.68 69 1 3118
0.69 69 1 3112
0.7 69 1 3301
0.71 69 1 3303
0.72 69 1 3371
0.73 69 1 3389
0.74 69 1 3433
0.75 69 1 3553
0.76 69 1 3638
0.77 69 1 3608
0.78 69 1 3685
0.79 69 1 3793
0.8 69 1 3794
0.81 69 1 3890
0.82 69 1 3894
0.83 69 1 3951
0.84 69 1 4049
0.85 69 1 4072
0.86 69 1 4064
0.87 69 1 4144
0.88 69 1 4154
0.89 69 1 4244
0.9 69 1 4288
0.1 70 0 0
0.11 70 0 0
0.12 70 0 0
0.13 70 0 0
0.14 70 0 0
0.15 70 0 0
0.16 70 0 0
0.17 70 0 0
0.18 70 0 0
0.19 70 0 0
0.2 70 0 0
0.21 70 0 0
0.22 70 0 0
0.23 70 0 0
0.24 70 0 0
0.25 70 0 0
0.26 70 0 0
0.27 70 0 0
0.28 70 0 0
0.29 70 0 0
0.3 70 0 0
0.31 70 0 0
0.32 70 0 0
0.33 70 0 0
0.34 70 0 0
0.35 70 0 0
0.36 70 0 0
0.37 70 0 0
0.38 70 0 0
0.39 70 0 0
0.4 70 0 0
0.41 70 0 0
0.42 70 0 0
0.43 70 0 0
0.44 70 0 0
0.45 70 0 0
0.46 70 0 0
0.47 70 0 0
0.48 70 0 0
0.49 70 0 0
0.5 70 0 0
0.51 70 0 0
0.52 70 0 0
0.53 70 0 0
0.54 70 0 0
0.55 70 0 0
0.56 70 0 0
0.57 70 0 0
0.58 70 1 1439
0.59 70 1 1403
0.6 70 1 1648
0.61 70 1 1881
0.62 70 1 1882
0.63 70 1 2663
0.64 70 1 2707
0.65 70 1 2941
0.66 70 1 2895
0.67 70 1 3244
0.68 70 1 3141
0.69 70 1 3161
0.7 70 1 3325
0.71 70 1 3271
0.72 70 1 3556
0.73 70 1 3466
0.74 70 1 3633
0.75 70 1 3580
0.76 70 1 3703
0.77 70 1 3730
0.78 70 1 3765
0.79 70 1 3868
0.8 70 1 3942
0.81 70 1 3974
0.82 70 1 3976
0.83 70 1 4056
0.84 70 1 4108
0.85 70 1 4185
0.86 70 1 4182
0.87 70 1 4256
0.88 70 1 4339
0.89 70 1 4352
0.9 70 1 4397
0.1 71 0 0
0.11 71 0 0
0.12 71 0 0
0.13 71 0 0
0.14 71 0 0
0.15 71 0 0
0.16 71 0 0
0.17 71 0 0
0.18 71 0 0
0.19 71 0 0
0.2 71 0 0
0.21 71 0 0
0.22 71 0 0
0.23 71 0 0
0.24 71 0 0
0.25 71 0 0
0.26 71 0 0
0.27 71 0 0
0.28 71 0 0
0.29 71 0 0
0.3 71 0 0
0.31 71 0 0
0.32 71 0 0
0.33 71 0 0
0.34 71 0 0
0.35 71 0 0
0.36 71 0 0
0.37 71 0 0
0.38 71 0 0
0.39 71 0 0
0.4 71 0 0
0.41 71 0 0
0.42 71 0 0
0.43 71 0 0
0.44 71 0 0
0.45 71 0 0
0.46 71 0 0
0.47 71 0 0
0.48 71 0 0
0.49 71 0 0
0.5 71 0 0
0.51 71 0 0
0.52 71 0 0
0.53 71 0 0
0.54 71 0 0
0.55 71 0 0
0.56 71 0 0
0.57 71 0 0
0.58 71 0 0
0.59 71 1 1290
0.6 71 1 2227
0.61 71 1 2676
0.62 71 1 2637
0.63 71 1 2329
0.64 71 1 2571
0.65 71 1 3053
0.66 71 1 3192
0.67 71 1 3192
0.68 71 1 3249
0.69 71 1 3266
0.7 71 1 3389
0.71 71 1 3476
0.72 71 1 3573
0.73 71 1 3637
0.74 71 1 3628
0.75 71 1 3783
0.76 71 1 3820
0.77 71 1 3865
0.78 71 1 3915
0.79 71 1 3968
0.8 71 1 3991
0.81 71 1 4035
0.82 71 1 4101
0.83 71 1 4216
0.84 71 1 4263
0.85 71 1 4271
0.86 71 1 4331
0.87 71 1 4413
0.88 71 1 4421
0.89 71 1 4505
0.9 71 1 4554
0.1 72 0 0
0.11 72 0 0
0.12 72 0 0
0.13 72 0 0
0.14 72 0 0
0.15 72 0 0
0.16 72 0 0
0.17 72 0 0
0.18 72 0 0
0.19 72 0 0
0.2 72 0 0
0.21 72 0 0
0.22 72 0 0
0.23 72 0 0
0.24 72 0 0
0.25 72 0 0
0.26 72 0 0
0.27 72 0 0
0.28 72 0 0
0.29 72 0 0
0.3 72 0 0
0.31 72 0 0
0.32 72 0 0
0.33 72 0 0
0.34 72 0 0
0.35 72 0 0
0.36 72 0 0
0.37 72 0 0
0.38 72 0 0
0.39 72 0 0
0.4 72 0 0
0.41 72 0 0
0.42 72 0 0
0.43 72 0 0
0.44 72 0 0
0.45 72 0 0
0.46 72 0 0
0.47 72 0 0
0.48 72 0 0
0.49 72 0 0
0.5 72 0 0
0.51 72 0 0
0.52 72 0 0
0.53 72 0 0
0.54 72 0 0
0.55 72 0 0
0.56 72 0 0
0.57 72 0 0
0.58 72 0 0
0.59 72 1 2023
0.6 72 1 2320
0.61 72 1 1157
0.62 72 1 2685
0.63 72 1 2857
0.64 72 1 2668
0.65 72 1 2885
0.66 72 1 3116
0.67 72 1 3299
0.68 72 1 3396
0.69 72 1 3485
0.7 72 1 3419
0.71 72 1 3581
0.72 72 1 3642
0.73 72 1 3768
0.74 72 1 3780
0.75 72 1 3847
0.76 72 1 3879
0.77 72 1 4002
0.78 72 1 4033
0.79 72 1 4056
0.8 72 1 4155
0.81 72 1 4217
0.82 72 1 4263
0.83 72 1 4257
0.84 72 1 4340
0.85 72 1 4373
0.86 72 1 4421
0.87 72 1 4496
0.88 72 1 4554
0.89 72 1 4595
0.9 72 1 4671
0.1 73 0 0
0.11 73 0 0
0.12 73 0 0
0.13 73 0 0
0.14 73 0 0
0.15 73 0 0
0.16 73 0 0
0.17 73 0 0
0.18 73 0 0
0.19 73 0 0
0.2 73 0 0
0.21 73 0 0
0.22 73 0 0
0.23 73 0 0
0.24 73 0 0
0.25 73 0 0
0.26 73 0 0
0.27 73 0 0
0.28 73 0 0
0.29 73 0 0
0.3 73 0 0
0.31 73 0 0
0.32 73 0 0
0.33 73 0 0
0.34 73 0 0
0.35 73 0 0
0.36 73 0 0
0.37 73 0 0
0.38 73 0 0
0.39 73 0 0
0.4 73 0 0
0.41 73 0 0
0.42 73 0 0
0.43 73 0 0
0.44 73 0 0
0.45 73 0 0
0.46 73 0 0
0.47 73 0 0
0.48 73 0 0
0.49 73 0 0
0.5 73 0 0
0.51 73 0 0
0.52 73 0 0
0.53 73 0 0
0.54 73 0 0
0.55 73 0 0
0.56 73 0 0
0.57 73 0 0
0.58 73 0 0
0.59 73 1 1109
0.6 73 0 0
0.61 73 1 2570
0.62 73 1 1643
0.63 73 1 2473
0.64 73 1 2973
0.65 73 1 3094
0.66 73 1 3376
0.67 73 1 3313
0.68 73 1 3406
0.69 73 1 3568
0.7 73 1 3608
0.71 73 1 3731
0.72 73 1 3730
0.73 73 1 3835
0.74 73 1 3925
0.75 73 1 3987
0.76 73 1 3985
0.77 73 1 4076
0.78 73 1 4039
0.79 73 1 4217
0.8 73 1 4323
0.81 73 1 4281
0.82 73 1 4314
0.83 73 1 4425
0.84 73 1 4532
0.85 73 1 4517
0.86 73 1 4599
0.87 73 1 4669
0.88 73 1 4706
0.89 73 1 4722
0.9 73 1 4829
0.1 74 0 0
0.11 74 0 0
0.12 74 0 0
0.13 74 0 0
0.14 74 0 0
0.15 74 0 0
0.16 74 0 0
0.17 74 0 0
0.18 74 0 0
0.19 74 0 0
0.2 74 0 0
0.21 74 0 0
0.22 74 0 0
0.23 74 0 0
0.24 74 0 0
0.25 74 0 0
0.26 74 0 0
0.27 74 0 0
0.28 74 0 0
0.29 74 0 0
0.3 74 0 0
0.31 74 0 0
0.32 74 0 0
0.33 74 0 0
0.34 74 0 0
0.35 74 0 0
0.36 74 0 0
0.37 74 0 0
0.38 74 0 0
0.39 74 0 0
0.4 74 0 0
0.41 74 0 0
0.42 74 0 0
0.43 74 0 0
0.44 74 0 0
0.45 74 0 0
0.46 74 0 0
0.47 74 0 0
0.48 74 0 0
0.49 74 0 0
0.5 74 0 0
0.51 74 0 0
0.52 74 0 0
0.53 74 0 0
0.54 74 0 0
0.55 74 0 0
0.56 74 0 0
0.57 74 0 0
0.58 74 0 0
0.59 74 0 0
0.6 74 1 1767
0.61 74 1 2537
0.62 74 1 2825
0.63 74 1 3052
0.64 74 1 3181
0.65 74 1 3184
0.66 74 1 3428
0.67 74 1 3482
0.68 74 1 3507
0.69 74 1 3708
0.7 74 1 3755
0.71 74 1 3791
0.72 74 1 3826
0.73 74 1 3991
0.74 74 1 3958
0.75 74 1 4059
0.76 74 1 4168
0.77 74 1 4144
0.78 74 1 4239
0.79 74 1 4312
0.8 74 1 4380
0.81 74 1 4384
0.82 74 1 4470
0.83 74 1 4549
0.84 74 1 4568
0.85 74 1 4666
0.86 74 1 4712
0.87 74 1 4785
0.88 74 1 4803
0.89 74 1 4879
0.9 74 1 4936
0.1 75 0 0
0.11 75 0 0
0.12 75 0 0
0.13 75 0 0
0.14 75 0 0
0.15 75 0 0
0.16 75 0 0
0.17 75 0 0
0.18 75 0 0
0.19 75 0 0
0.2 75 0 0
0.21 75 0 0
0.22 75 0 0
0.23 75 0 0
0.24 75 0 0
0.25 75 0 0
0.26 75 0 0
0.27 75 0 0
0.28 75 0 0
0.29 75 0 0
0.3 75 0 0
0.31 75 0 0
0.32 75 0 0
0.33 75 0 0
0.34 75 0 0
0.35 75 0 0
0.36 75 0 0
0.37 75 0 0
0.38 75 0 0
0.39 75 0 0
0.4 75 0 0
0.41 75 0 0
0.42 75 0 0
0.43 75 0 0
0.44 75 0 0
0.45 75 0 0
0.46 75 0 0
0.47 75 0 0
0.48 75 0 0
0.49 75 0 0
0.5 75 0 0
0.51 75 0 0
0.52 75 0 0
0.53 75 0 0
0.54 75 0 0
0.55 75 0 0
0.56 75 0 0
0.57 75 0 0
0.58 75 0 0
0.59 75 1 2004
0.6 75 1 2657
0.61 75 1 1628
0.62 75 1 2553
0.63 75 1 2898
0.64 75 1 2939
0.65 75 1 3256
0.66 75 1 3377
0.67 75 1 3633
0.68 75 1 3608
0.69 75 1 3845
0.7 75 1 3798
0.71 75 1 3961
0.72 75 1 3970
0.73 75 1 4040
0.74 75 1 4092
0.75 75 1 4087
0.76 75 1 4211
0.77 75 1 4283
0.78 75 1 4400
0.79 75 1 4474
0.8 75 1 4536
0.81 75 1 4522
0.82 75 1 4592
0.83 75 1 4686
0.84 75 1 4705
0.85 75 1 4788
0.86 75 1 4825
0.87 75 1 4880
0.88 75 1 4963
0.89 75 1 4994
0.9 75 1 4993
0.1 76 0 0
0.11 76 0 0
0.12 76 0 0
0.13 76 0 0
0.14 76 0 0
0.15 76 0 0
0.16 76 0 0
0.17 76 0 0
0.18 76 0 0
0.19 76 0 0
0.2 76 0 0
0.21 76 0 0
0.22 76 0 0
0.23 76 0 0
0.24 76 0 0
0.25 76 0 0
0.26 76 0 0
0.27 76 0 0
0.28 76 0 0
0.29 76 0 0
0.3 76 0 0
0.31 76 0 0
0.32 76 0 0
0.33 76 0 0
0.34 76 0 0
0.35 76 0 0
0.36 76 0 0
0.37 76 0 0
0.38 76 0 0
0.39 76 0 0
0.4 76 0 0
0.41 76 0 0
0.42 76 0 0
0.43 76 0 0
0.44 76 0 0
0.45 76 0 0
0.46 76 0 0
0.47 76 0 0
0.48 76 0 0
0.49 76 0 0
0.5 76 0 0
0.51 76 0 0
0.52 76 0 0
0.53 76 0 0
0.54 76 0 0
0.55 76 0 0
0.56 76 0 0
0.57 76 0 0
0.58 76 1 2026
0.59 76 1 1936
0.6 76 1 1822
0.61 76 1 2291
0.62 76 1 3297
0.63 76 1 3114
0.64 76 1 3378
0.65 76 1 3549
0.66 76 1 3477
0.67 76 1 3692
0.68 76 1 3720
0.69 76 1 3862
0.7 76 1 3949
0.71 76 1 4094
0.72 76 1 4027
0.73 76 1 4144
0.74 76 1 4230
0.75 76 1 4331
0.76 76 1 4344
0.77 76 1 4393
0.78 76 1 4405
0.79 76 1 4569
0.8 76 1 4603
0.81 76 1 4747
0.82 76 1 4673
0.83 76 1 4773
0.84 76 1 4855
0.85 76 1 4893
0.86 76 1 4972
0.87 76 1 4970
0.88 76 1 5146
0.89 76 1 5123
0.9 76 1 5205
0.1 77 0 0
0.11 77 0 0
0.12 77 0 0
0.13 77 0 0
0.14 77 0 0
0.15 77 0 0
0.16 77 0 0
0.17 77 0 0
0.18 77 0 0
0.19 77 0 0
0.2 77 0 0
0.21 77 0 0
0.22 77 0 0
0.23 77 0 0
0.24 77 0 0
0.25 77 0 0
0.26 77 0 0
0.27 77 0 0
0.28 77 0 0
0.29 77 0 0
0.3 77 0 0
0.31 77 0 0
0.32 77 0 0
0.33 77 0 0
0.34 77 0 0
0.35 77 0 0
0.36 77 0 0
0.37 77 0 0
0.38 77 0 0
0.39 77 0 0
0.4 77 0 0
0.41 77 0 0
0.42 77 0 0
0.43 77 0 0
0.44 77 0 0
0.45 77 0 0
0.46 77 0 0
0.47 77 0 0
0.48 77 0 0
0.49 77 0 0
0.5 77 0 0
0.51 77 0 0
0.52 77 0 0
0.53 77 0 0
0.54 77 0 0
0.55 77 1 782
0.56 77 1 1192
0.57 77 0 0
0.58 77 1 1561
0.59 77 1 2251
0.6 77 1 2152
0.61 77 1 2792
0.62 77 1 3155
0.63 77 1 3301
0.64 77 1 2524
0.65 77 1 3336
0.66 77 1 3790
0.67 77 1 3778
0.68 77 1 3988
0.69 77 1 3929
0.7 77 1 4020
0.71 77 1 4146
0.72 77 1 4296
0.73 77 1 4274
0.74 77 1 4290
0.75 77 1 4436
0.76 77 1 4490
0.77 77 1 4534
0.78 77 1 4577
0.79 77 1 4671
0.8 77 1 4722
0.81 77 1 4736
0.82 77 1 4898
0.83 77 1 4907
0.84 77 1 5009
0.85 77 1 5023
0.86 77 1 5107
0.87 77 1 5175
0.88 77 1 5261
0.89 77 1 5239
0.9 77 1 5301
0.1 78 0 0
0.11 78 0 0
0.12 78 0 0
0.13 78 0 0
0.14 78 0 0
0.15 78 0 0
0.16 78 0 0
0.17 78 0 0
0.18 78 0 0
0.19 78 0 0
0.2 78 0 0
0.21 78 0 0
0.22 78 0 0
0.23 78 0 0
0.24 78 0 0
0.25 78 0 0
0.26 78 0 0
0.27 78 0 0
0.28 78 0 0
0.29 78 0 0
0.3 78 0 0
0.31 78 0 0
0.32 78 0 0
0.33 78 0 0
0.34 78 0 0
0.35 78 0 0
0.36 78 0 0
0.37 78 0 0
0.38 78 0 0
0.39 78 0 0
0.4 78 0 0
0.41 78 0 0
0.42 78 0 0
0.43 78 0 0
0.44 78 0 0
0.45 78 0 0
0.46 78 0 0
0.47 78 0 0
0.48 78 0 0
0.49 78 0 0
0.5 78 0 0
0.51 78 0 0
0.52 78 0 0
0.53 78 0 0
0.54 78 0 0
0.55 78 0 0
0.56 78 0 0
0.57 78 1 1716
0.58 78 0 0
0.59 78 1 2167
0.6 78 1 1316
0.61 78 1 2545
0.62 78 1 2446
0.63 78 1 3282
0.64 78 1 3343
0.65 78 1 3765
0.66 78 1 3817
0.67 78 1 3853
0.68 78 1 3996
0.69 78 1 4092
0.7 78 1 4138
0.71 78 1 4266
0.72 78 1 4287
0.73 78 1 4463
0.74 78 1 4474
0.75 78 1 4545
0.76 78 1 4542
0.77 78 1 4682
0.78 78 1 4748
0.79 78 1 4785
0.8 78 1 4857
0.81 78 1 4935
0.82 78 1 4985
0.83 78 1 5054
0.84 78 1 5119
0.85 78 1 5185
0.86 78 1 5177
0.87 78 1 5325
0.88 78 1 5358
0.89 78 1 5374
0.9 78 1 5483
0.1 79 0 0
0.11 79 0 0
0.12 79 0 0
0.13 79 0 0
0.14 79 0 0
0.15 79 0 0
0.16 79 0 0
0.17 79 0 0
0.18 79 0 0
0.19 79 0 0
0.2 79 0 0
0.21 79 0 0
0.22 79 0 0
0.23 79 0 0
0.24 79 0 0
0.25 79 0 0
0.26 79 0 0
0.27 79 0 0
0.28 79 0 0
0.29 79 0 0
0.3 79 0 0
0.31 79 0 0
0.32 79 0 0
0.33 79 0 0
0.34 79 0 0
0.35 79 0 0
0.36 79 0 0
0.37 79 0 0
0.38 79 0 0
0.39 79 0 0
0.4 79 0 0
0.41 79 0 0
0.42 79 0 0
0.43 79 0 0
0.44 79 0 0
0.45 79 0 0
0.46 79 0 0
0.47 79 0 0
0.48 79 0 0
0.49 79 0 0
0.5 79 0 0
0.51 79 0 0
0.52 79 0 0
0.53 79 0 0
0.54 79 0 0
0.55 79 0 0
0.56 79 0 0
0.57 79 1 1212
0.58 79 1 1305
0.59 79 0 0
0.6 79 1 2102
0.61 79 1 3008
0.62 79 1 3315
0.63 79 1 3290
0.64 79 1 3795
0.65 79 1 3733
0.66 79 1 3848
0.67 79 1 3986
0.68 79 1 3816
0.69 79 1 4013
0.7 79 1 4261
0.71 79 1 4238
0.72 79 1 4369
0.73 79 1 4345
0.74 79 1 4560
0.75 79 1 4634
0.76 79 1 4728
0.77 79 1 4769
0.78 79 1 4870
0.79 79 1 4947
0.8 79 1 4952
0.81 79 1 5046
0.82 79 1 5127
0.83 79 1 5161
0.84 79 1 5220
0.85 79 1 5279
0.86 79 1 5377
0.87 79 1 5454
0.88 79 1 5485
0.89 79 1 5533
0.9 79 1 5639
0.1 80 0 0
0.11 80 0 0
0.12 80 0 0
0.13 80 0 0
0.14 80 0 0
0.15 80 0 0
0.16 80 0 0
0.17 80 0 0
0.18 80 0 0
0.19 80 0 0
0.2 80 0 0
0.21 80 0 0
0.22 80 0 0
0.23 80 0 0
0.24 80 0 0
0.25 80 0 0
0.26 80 0 0
0.27 80 0 0
0.28 80 0 0
0.29 80 0 0
0.3 80 0 0
0.31 80 0 0
0.32 80 0 0
0.33 80 0 0
0.34 80 0 0
0.35 80 0 0
0.36 80 0 0
0.37 80 0 0
0.38 80 0 0
0.39 80 0 0
0.4 80 0 0
0.41 80 0 0
0.42 80 0 0
0.43 80 0 0
0.44 80 0 0
0.45 80 0 0
0.46 80 0 0
0.47 80 0 0
0.48 80 0 0
0.49 80 0 0
0.5 80 0 0
0.51 80 0 0
0.52 80 0 0
0.53 80 0 0
0.54 80 0 0
0.55 80 0 0
0.56 80 0 0
0.57 80 1 2076
0.58 80 0 0
0.59 80 1 1371
0.6 80 0 0
0.61 80 1 2449
0.62 80 1 3540
0.63 80 1 3682
0.64 80 1 3528
0.65 80 1 3910
0.66 80 1 3958
0.67 80 1 4158
0.68 80 1 4075
0.69 80 1 4281
0.7 80 1 4367
0.71 80 1 4419
0.72 80 1 4523
0.73 80 1 4585
0.74 80 1 4754
0.75 80 1 4756
0.76 80 1 4790
0.77 80 1 4900
0.78 80 1 4931
0.79 80 1 5031
0.8 80 1 5102
0.81 80 1 5206
0.82 80 1 5218
0.83 80 1 5278
0.84 80 1 5379
0.85 80 1 5410
0.86 80 1 5464
0.87 80 1 5595
0.88 80 1 5621
0.89 80 1 5728
0.9 80 1 5765
0.1 81 0 0
0.11 81 0 0
0.12 81 0 0
0.13 81 0 0
0.14 81 0 0
0.15 81 0 0
0.16 81 0 0
0.17 81 0 0
0.18 81 0 0
0.19 81 0 0
0.2 81 0 0
0.21 81 0 0
0.22 81 0 0
0.23 81 0 0
0.24 81 0 0
0.25 81 0 0
0.26 81 0 0
0.27 81 0 0
0.28 81 0 0
0.29 81 0 0
0.3 81 0 0
0.31 81 0 0
0.32 81 0 0
0.33 81 0 0
0.34 81 0 0
0.35 81 0 0
0.36 81 0 0
0.37 81 0 0
0.38 81 0 0
0.39 81 0 0
0.4 81 0 0
0.41 81 0 0
0.42 81 0 0
0.43 81 0 0
0.44 81 0 0
0.45 81 0 0
0.46 81 0 0
0.47 81 0 0
0.48 81 0 0
0.49 81 0 0
0.5 81 0 0
0.51 81 0 0
0.52 81 0 0
0.53 81 0 0
0.54 81 0 0
0.55 81 0 0
0.56 81 0 0
0.57 81 0 0
0.58 81 1 1553
0.59 81 0 0
0.6 81 0 0
0.61 81 1 1641
0.62 81 1 3148
0.63 81 1 3686
0.64 81 1 3703
0.65 81 1 3905
0.66 81 1 3962
0.67 81 1 4126
0.68 81 1 4268
0.69 81 1 4410
0.7 81 1 4542
0.71 81 1 4592
0.72 81 1 4581
0.73 81 1 4722
0.74 81 1 4805
0.75 81 1 4885
0.76 81 1 4977
0.77 81 1 4987
0.78 81 1 5050
0.79 81 1 5216
0.8 81 1 5268
0.81 81 1 5337
0.82 81 1 5343
0.83 81 1 5411
0.84 81 1 5524
0.85 81 1 5581
0.86 81 1 5701
0.87 81 1 5686
0.88 81 1 5802
0.89 81 1 5883
0.9 81 1 5865
0.1 82 0 0
0.11 82 0 0
0.12 82 0 0
0.13 82 0 0
0.14 82 0 0
0.15 82 0 0
0.16 82 0 0
0.17 82 0 0
0.18 82 0 0
0.19 82 0 0
0.2 82 0 0
0.21 82 0 0
0.22 82 0 0
0.23 82 0 0
0.24 82 0 0
0.25 82 0 0
0.26 82 0 0
0.27 82 0 0
0.28 82 0 0
0.29 82 0 0
0.3 82 0 0
0.31 82 0 0
0.32 82 0 0
0.33 82 0 0
0.34 82 0 0
0.35 82 0 0
0.36 82 0 0
0.37 82 0 0
0.38 82 0 0
0.39 82 0 0
0.4 82 0 0
0.41 82 0 0
0.42 82 0 0
0.43 82 0 0
0.44 82 0 0
0.45 82 0 0
0.46 82 0 0
0.47 82 0 0
0.48 82 0 0
0.49 82 0 0
0.5 82 0 0
0.51 82 0 0
0.52 82 0 0
0.53 82 0 0
0.54 82 0 0
0.55 82 0 0
0.56 82 0 0
0.57 82 0 0
0.58 82 0 0
0.59 82 0 0
0.6 82 0 0
0.61 82 1 3115
0.62 82 1 3540
0.63 82 1 3699
0.64 82 1 3894
0.65 82 1 4083
0.66 82 1 4219
0.67 82 1 4424
0.68 82 1 4512
0.69 82 1 4518
0.7 82 1 4669
0.71 82 1 4618
0.72 82 1 4656
0.73 82 1 4891
0.74 82 1 4993
0.75 82 1 4995
0.76 82 1 5152
0.77 82 1 5157
0.78 82 1 5255
0.79 82 1 5237
0.8 82 1 5386
0.81 82 1 5448
0.82 82 1 5505
0.83 82 1 5578
0.84 82 1 5675
0.85 82 1 5722
0.86 82 1 5796
0.87 82 1 5836
0.88 82 1 5970
0.89 82 1 5999
0.9 82 1 6115
0.1 83 0 0
0.11 83 0 0
0.12 83 0 0
0.13 83 0 0
0.14 83 0 0
0.15 83 0 0
0.16 83 0 0
0.17 83 0 0
0.18 83 0 0
0.19 83 0 0
0.2 83 0 0
0.21 83 0 0
0.22 83 0 0
0.23 83 0 0
0.24 83 0 0
0.25 83 0 0
0.26 83 0 0
0.27 83 0 0
0.28 83 0 0
0.29 83 0 0
0.3 83 0 0
0.31 83 0 0
0.32 83 0 0
0.33 83 0 0
0.34 83 0 0
0.35 83 0 0
0.36 83 0 0
0.37 83 0 0
0.38 83 0 0
0.39 83 0 0
0.4 83 0 0
0.41 83 0 0
0.42 83 0 0
0.43 83 0 0
0.44 83 0 0
0.45 83 0 0
0.46 83 0 0
0.47 83 0 0
0.48 83 0 0
0.49 83 0 0
0.5 83 0 0
0.51 83 0 0
0.52 83 0 0
0.53 83 0 0
0.54 83 0 0
0.55 83 0 0
0.56 83 0 0
0.57 83 0 0
0.58 83 0 0
0.59 83 1 2788
0.6 83 1 2737
0.61 83 1 3688
0.62 83 1 3582
0.63 83 1 3873
0.64 83 1 2406
0.65 83 1 4077
0.66 83 1 4346
0.67 83 1 4396
0.68 83 1 4498
0.69 83 1 4661
0.7 83 1 4654
0.71 83 1 4840
0.72 83 1 4865
0.73 83 1 4898
0.74 83 1 4990
0.75 83 1 5092
0.76 83 1 5211
0.77 83 1 5276
0.78 83 1 5364
0.79 83 1 5375
0.8 83 1 5522
0.81 83 1 5578
0.82 83 1 5575
0.83 83 1 5712
0.84 83 1 5791
0.85 83 1 5798
0.86 83 1 5946
0.87 83 1 5941
0.88 83 1 6054
0.89 83 1 6105
0.9 83 1 6226
0.1 84 0 0
0.11 84 0 0
0.12 84 0 0
0.13 84 0 0
0.14 84 0 0
0.15 84 0 0
0.16 84 0 0
0.17 84 0 0
0.18 84 0 0
0.19 84 0 0
0.2 84 0 0
0.21 84 0 0
0.22 84 0 0
0.23 84 0 0
0.24 84 0 0
0.25 84 0 0
0.26 84 0 0
0.27 84 0 0
0.28 84 0 0
0.29 84 0 0
0.3 84 0 0
0.31 84 0 0
0.32 84 0 0
0.33 84 0 0
0.34 84 0 0
0.35 84 0 0
0.36 84 0 0
0.37 84 0 0
0.38 84 0 0
0.39 84 0 0
0.4 84 0 0
0.41 84 0 0
0.42 84 0 0
0.43 84 0 0
0.44 84 0 0
0.45 84 0 0
0.46 84 0 0
0.47 84 0 0
0.48 84 0 0
0.49 84 0 0
0.5 84 0 0
0.51 84 0 0
0.52 84 0 0
0.53 84 0 0
0.54 84 0 0
0.55 84 0 0
0.56 84 0 0
0.57 84 1 1569
0.58 84 1 1464
0.59 84 0 0
0.6 84 1 3237
0.61 84 1 2226
0.62 84 1 3235
0.63 84 1 3676
0.64 84 1 3944
0.65 84 1 4181
0.66 84 1 4293
0.67 84 1 4543
0.68 84 1 4331
0.69 84 1 4779
0.7 84 1 4861
0.71 84 1 4877
0.72 84 1 4863
0.73 84 1 5140
0.74 84 1 5179
0.75 84 1 5297
0.76 84 1 5297
0.77 84 1 5327
0.78 84 1 5488
0.79 84 1 5568
0.8 84 1 5633
0.81 84 1 5696
0.82 84 1 5786
0.83 84 1 5844
0.84 84 1 5921
0.85 84 1 5990
0.86 84 1 6075
0.87 84 1 6122
0.88 84 1 6231
0.89 84 1 6274
0.9 84 1 6318
0.1 85 0 0
0.11 85 0 0
0.12 85 0 0
0.13 85 0 0
0.14 85 0 0
0.15 85 0 0
0.16 85 0 0
0.17 85 0 0
0.18 85 0 0
0.19 85 0 0
0.2 85 0 0
0.21 85 0 0
0.22 85 0 0
0.23 85 0 0
0.24 85 0 0
0.25 85 0 0
0.26 85 0 0
0.27 85 0 0
0.28 85 0 0
0.29 85 0 0
0.3 85 0 0
0.31 85 0 0
0.32 85 0 0
0.33 85 0 0
0.34 85 0 0
0.35 85 0 0
0.36 85 0 0
0.37 85 0 0
0.38 85 0 0
0.39 85 0 0
0.4 85 0 0
0.41 85 0 0
0.42 85 0 0
0.43 85 0 0
0.44 85 0 0
0.45 85 0 0
0.46 85 0 0
0.47 85 0 0
0.48 85 0 0
0.49 85 0 0
0.5 85 0 0
0.51 85 0 0
0.52 85 0 0
0.53 85 0 0
0.54 85 0 0
0.55 85 0 0
0.56 85 0 0
0.57 85 0 0
0.58 85 1 1129
0.59 85 1 2435
0.6 85 1 2561
0.61 85 1 3446
0.62 85 1 3146
0.63 85 1 4040
0.64 85 1 4178
0.65 85 1 4490
0.66 85 1 4313
0.67 85 1 4678
0.68 85 1 4596
0.69 85 1 4875
0.7 85 1 4894
0.71 85 1 4940
0.72 85 1 5009
0.73 85 1 5229
0.74 85 1 5283
0.75 85 1 5366
0.76 85 1 5466
0.77 85 1 5468
0.78 85 1 5633
0.79 85 1 5703
0.8 85 1 5822
0.81 85 1 5872
0.82 85 1 5914
0.83 85 1 5976
0.84 85 1 6027
0.85 85 1 6165
0.86 85 1 6148
0.87 85 1 6288
0.88 85 1 6327
0.89 85 1 6471
0.9 85 1 6438
0.1 86 0 0
0.11 86 0 0
0.12 86 0 0
0.13 86 0 0
0.14 86 0 0
0.15 86 0 0
0.16 86 0 0
0.17 86 0 0
0.18 86 0 0
0.19 86 0 0
0.2 86 0 0
0.21 86 0 0
0.22 86 0 0
0.23 86 0 0
0.24 86 0 0
0.25 86 0 0
0.26 86 0 0
0.27 86 0 0
0.28 86 0 0
0.29 86 0 0
0.3 86 0 0
0.31 86 0 0
0.32 86 0 0
0.33 86 0 0
0.34 86 0 0
0.35 86 0 0
0.36 86 0 0
0.37 86 0 0
0.38 86 0 0
0.39 86 0 0
0.4 86 0 0
0.41 86 0 0
0.42 86 0 0
0.43 86 0 0
0.44 86 0 0
0.45 86 0 0
0.46 86 0 0
0.47 86 0 0
0.48 86 0 0
0.49 86 0 0
0.5 86 0 0
0.51 86 0 0
0.52 86 0 0
0.53 86 0 0
0.54 86 0 0
0.55 86 0 0
0.56 86 0 0
0.57 86 0 0
0.58 86 0 0
0.59 86 1 2953
0.6 86 1 1520
0.61 86 1 2486
0.62 86 1 1159
0.63 86 1 4039
0.64 86 1 4146
0.65 86 1 4407
0.66 86 1 4347
0.67 86 1 4771
0.68 86 1 4795
0.69 86 1 4992
0.7 86 1 5066
0.71 86 1 5142
0.72 86 1 5282
0.73 86 1 5315
0.74 86 1 5411
0.75 86 1 5558
0.76 86 1 5602
0.77 86 1 5642
0.78 86 1 5796
0.79 86 1 5826
0.8 86 1 5910
0.81 86 1 5959
0.82 86 1 6074
0.83 86 1 6133
0.84 86 1 6243
0.85 86 1 6321
0.86 86 1 6393
0.87 86 1 6460
0.88 86 1 6504
0.89 86 1 6604
0.9 86 1 6668
0.1 87 0 0
0.11 87 0 0
0.12 87 0 0
0.13 87 0 0
0.14 87 0 0
0.15 87 0 0
0.16 87 0 0
0.17 87 0 0
0.18 87 0 0
0.19 87 0 0
0.2 87 0 0
0.21 87 0 0
0.22 87 0 0
0.23 87 0 0
0.24 87 0 0
0.25 87 0 0
0.26 87 0 0
0.27 87 0 0
0.28 87 0 0
0.29 87 0 0
0.3 87 0 0
0.31 87 0 0
0.32 87 0 0
0.33 87 0 0
0.34 87 0 0
0.35 87 0 0
0.36 87 0 0
0.37 87 0 0
0.38 87 0 0
0.39 87 0 0
0.4 87 0 0
0.41 87 0 0
0.42 87 0 0
0.43 87 0 0
0.44 87 0 0
0.45 87 0 0
0.46 87 0 0
0.47 87 0 0
0.48 87 0 0
0.49 87 0 0
0.5 87 0 0
0.51 87 0 0
0.52 87 0 0
0.53 87 0 0
0.54 87 0 0
0.55 87 0 0
0.56 87 0 0
0.57 87 0 0
0.58 87 0 0
0.59 87 1 3021
0.6 87 0 0
0.61 87 1 2787
0.62 87 1 3351
0.63 87 1 3921
0.64 87 1 4437
0.65 87 1 4566
0.66 87 1 4741
0.67 87 1 4782
0.68 87 1 5046
0.69 87 1 5076
0.7 87 1 5171
0.71 87 1 5224
0.72 87 1 5238
0.73 87 1 5394
0.74 87 1 5530
0.75 87 1 5665
0.76 87 1 5749
0.77 87 1 5786
0.78 87 1 5908
0.79 87 1 5949
0.8 87 1 6062
0.81 87 1 6113
0.82 87 1 6233
0.83 87 1 6274
0.84 87 1 6372
0.85 87 1 6423
0.86 87 1 6504
0.87 87 1 6575
0.88 87 1 6633
0.89 87 1 6762
0.9 87 1 6825
0.1 88 0 0
0.11 88 0 0
0.12 88 0 0
0.13 88 0 0
0.14 88 0 0
0.15 88 0 0
0.16 88 0 0
0.17 88 0 0
0.18 88 0 0
0.19 88 0 0
0.2 88 0 0
0.21 88 0 0
0.22 88 0 0
0.23 88 0 0
0.24 88 0 0
0.25 88 0 0
0.26 88 0 0
0.27 88 0 0
0.28 88 0 0
0.29 88 0 0
0.3 88 0 0
0.31 88 0 0
0.32 88 0 0
0.33 88 0 0
0.34 88 0 0
0.35 88 0 0
0.36 88 0 0
0.37 88 0 0
0.38 88 0 0
0.39 88 0 0
0.4 88 0 0
0.41 88 0 0
0.42 88 0 0
0.43 88 0 0
0.44 88 0 0
0.45 88 0 0
0.46 88 0 0
0.47 88 0 0
0.48 88 0 0
0.49 88 0 0
0.5 88 0 0
0.51 88 0 0
0.52 88 0 0
0.53 88 0 0
0.54 88 0 0
0.55 88 0 0
0.56 88 0 0
0.57 88 0 0
0.58 88 1 1930
0.59 88 1 2614
0.6 88 1 3344
0.61 88 0 0
0.62 88 1 3029
0.63 88 1 4437
0.64 88 1 4145
0.65 88 1 4755
0.66 88 1 4879
0.67 88 1 4831
0.68 88 1 5031
0.69 88 1 5154
0.7 88 1 5289
0.71 88 1 5456
0.72 88 1 5515
0.73 88 1 5631
0.74 88 1 5681
0.75 88 1 5754
0.76 88 1 5872
0.77 88 1 5896
0.78 88 1 6033
0.79 88 1 6079
0.8 88 1 6140
0.81 88 1 6308
0.82 88 1 6324
0.83 88 1 6320
0.84 88 1 6481
0.85 88 1 6625
0.86 88 1 6613
0.87 88 1 6737
0.88 88 1 6811
0.89 88 1 6939
0.9 88 1 7001
0.1 89 0 0
0.11 89 0 0
0.12 89 0 0
0.13 89 0 0
0.14 89 0 0
0.15 89 0 0
0.16 89 0 0
0.17 89 0 0
0.18 89 0 0
0.19 89 0 0
0.2 89 0 0
0.21 89 0 0
0.22 89 0 0
0.23 89 0 0
0.24 89 0 0
0.25 89 0 0
0.26 89 0 0
0.27 89 0 0
0.28 89 0 0
0.29 89 0 0
0.3 89 0 0
0.31 89 0 0
0.32 89 0 0
0.33 89 0 0
0.34 89 0 0
0.35 89 0 0
0.36 89 0 0
0.37 89 0 0
0.38 89 0 0
0.39 89 0 0
0.4 89 0 0
0.41 89 0 0
0.42 89 0 0
0.43 89 0 0
0.44 89 0 0
0.45 89 0 0
0.46 89 0 0
0.47 89 0 0
0.48 89 0 0
0.49 89 0 0
0.5 89 0 0
0.51 89 0 0
0.52 89 0 0
0.53 89 0 0
0.54 89 0 0
0.55 89 0 0
0.56 89 0 0
0.57 89 0 0
0.58 89 0 0
0.59 89 1 3333
0.6 89 0 0
0.61 89 1 2903
0.62 89 1 4007
0.63 89 1 4514
0.64 89 1 4567
0.65 89 1 4680
0.66 89 1 4906
0.67 89 1 5119
0.68 89 1 5191
0.69 89 1 5260
0.7 89 1 5469
0.71 89 1 5469
0.72 89 1 5606
0.73 89 1 5573
0.74 89 1 5877
0.75 89 1 5910
0.76 89 1 5989
0.77 89 1 6099
0.78 89 1 6198
0.79 89 1 6304
0.8 89 1 6284
0.81 89 1 6362
0.82 89 1 6500
0.83 89 1 6540
0.84 89 1 6656
0.85 89 1 6751
0.86 89 1 6869
0.87 89 1 6899
0.88 89 1 6969
0.89 89 1 7033
0.9 89 1 7106
0.1 90 0 0
0.11 90 0 0
0.12 90 0 0
0.13 90 0 0
0.14 90 0 0
0.15 90 0 0
0.16 90 0 0
0.17 90 0 0
0.18 90 0 0
0.19 90 0 0
0.2 90 0 0
0.21 90 0 0
0.22 90 0 0
0.23 90 0 0
0.24 90 0 0
0.25 90 0 0
0.26 90 0 0
0.27 90 0 0
0.28 90 0 0
0.29 90 0 0
0.3 90 0 0
0.31 90 0 0
0.32 90 0 0
0.33 90 0 0
0.34 90 0 0
0.35 90 0 0
0.36 90 0 0
0.37 90 0 0
0.38 90 0 0
0.39 90 0 0
0.4 90 0 0
0.41 90 0 0
0.42 90 0 0
0.43 90 0 0
0.44 90 0 0
0.45 90 0 0
0.46 90 0 0
0.47 90 0 0
0.48 90 0 0
0.49 90 0 0
0.5 90 0 0
0.51 90 0 0
0.52 90 0 0
0.53 90 0 0
0.54 90 0 0
0.55 90 0 0
0.56 90 0 0
0.57 90 1 2179
0.58 90 1 2170
0.59 90 1 2365
0.6 90 0 0
0.61 90 1 4255
0.62 90 1 3922
0.63 90 1 3704
0.64 90 1 4605
0.65 90 1 4934
0.66 90 1 5259
0.67 90 1 5227
0.68 90 1 5159
0.69 90 1 5365
0.7 90 1 5435
0.71 90 1 5717
0.72 90 1 5790
0.73 90 1 5847
0.74 90 1 5916
0.75 90 1 6036
0.76 90 1 6100
0.77 90 1 6143
0.78 90 1 6218
0.79 90 1 6360
0.8 90 1 6450
0.81 90 1 6515
0.82 90 1 6659
0.83 90 1 6730
0.84 90 1 6801
0.85 90 1 6951
0.86 90 1 6988
0.87 90 1 7061
0.88 90 1 7145
0.89 90 1 7201
0.9 90 1 7276
0.1 91 0 0
0.11 91 0 0
0.12 91 0 0
0.13 91 0 0
0.14 91 0 0
0.15 91 0 0
0.16 91 0 0
0.17 91 0 0
0.18 91 0 0
0.19 91 0 0
0.2 91 0 0
0.21 91 0 0
0.22 91 0 0
0.23 91 0 0
0.24 91 0 0
0.25 91 0 0
0.26 91 0 0
0.27 91 0 0
0.28 91 0 0
0.29 91 0 0
0.3 91 0 0
0.31 91 0 0
0.32 91 0 0
0.33 91 0 0
0.34 91 0 0
0.35 91 0 0
0.36 91 0 0
0.37 91 0 0
0.38 91 0 0
0.39 91 0 0
0.4 91 0 0
0.41 91 0 0
0.42 91 0 0
0.43 91 0 0
0.44 91 0 0
0.45 91 0 0
0.46 91 0 0
0.47 91 0 0
0.48 91 0 0
0.49 91 0 0
0.5 91 0 0
0.51 91 0 0
0.52 91 0 0
0.53 91 0 0
0.54 91 0 0
0.55 91 0 0
0.56 91 0 0
0.57 91 1 1937
0.58 91 1 2673
0.59 91 0 0
0.6 91 1 3600
0.61 91 1 4179
0.62 91 1 4376
0.63 91 1 2298
0.64 91 1 4811
0.65 91 1 4727
0.66 91 1 5068
0.67 91 1 5288
0.68 91 1 5418
0.69 91 1 5583
0.7 91 1 5655
0.71 91 1 5748
0.72 91 1 5916
0.73 91 1 5967
0.74 91 1 6150
0.75 91 1 6185
0.76 91 1 6161
0.77 91 1 6382
0.78 91 1 6425
0.79 91 1 6412
0.8 91 1 6601
0.81 91 1 6710
0.82 91 1 6815
0.83 91 1 6843
0.84 91 1 6898
0.85 91 1 7031
0.86 91 1 7166
0.87 91 1 7215
0.88 91 1 7278
0.89 91 1 7417
0.9 91 1 7506
0.1 92 0 0
0.11 92 0 0
0.12 92 0 0
0.13 92 0 0
0.14 92 0 0
0.15 92 0 0
0.16 92 0 0
0.17 92 0 0
0.18 92 0 0
0.19 92 0 0
0.2 92 0 0
0.21 92 0 0
0.22 92 0 0
0.23 92 0 0
0.24 92 0 0
0.25 92 0 0
0.26 92 0 0
0.27 92 0 0
0.28 92 0 0
0.29 92 0 0
0.3 92 0 0
0.31 92 0 0
0.32 92 0 0
0.33 92 0 0
0.34 92 0 0
0.35 92 0 0
0.36 92 0 0
0.37 92 0 0
0.38 92 0 0
0.39 92 0 0
0.4 92 0 0
0.41 92 0 0
0.42 92 0 0
0.43 92 0 0
0.44 92 0 0
0.45 92 0 0
0.46 92 0 0
0.47 92 0 0
0.48 92 0 0
0.49 92 0 0
0.5 92 0 0
0.51 92 0 0
0.52 92 0 0
0.53 92 0 0
0.54 92 0 0
0.55 92 0 0
0.56 92 0 0
0.57 92 0 0
0.58 92 0 0
0.59 92 0 0
0.6 92 0 0
0.61 92 1 3921
0.62 92 1 4669
0.63 92 1 4613
0.64 92 1 4816
0.65 92 1 5232
0.66 92 1 5321
0.67 92 1 5404
0.68 92 1 5642
0.69 92 1 5731
0.7 92 1 5855
0.71 92 1 5790
0.72 92 1 5928
0.73 92 1 6053
0.74 92 1 6199
0.75 92 1 6263
0.76 92 1 6349
0.77 92 1 6461
0.78 92 1 6633
0.79 92 1 6665
0.8 92 1 6815
0.81 92 1 6748
0.82 92 1 6927
0.83 92 1 7040
0.84 92 1 7113
0.85 92 1 7197
0.86 92 1 7291
0.87 92 1 7293
0.88 92 1 7489
0.89 92 1 7543
0.9 92 1 7697
0.1 93 0 0
0.11 93 0 0
0.12 93 0 0
0.13 93 0 0
0.14 93 0 0
0.15 93 0 0
0.16 93 0 0
0.17 93 0 0
0.18 93 0 0
0.19 93 0 0
0.2 93 0 0
0.21 93 0 0
0.22 93 0 0
0.23 93 0 0
0.24 93 0 0
0.25 93 0 0
0.26 93 0 0
0.27 93 0 0
0.28 93 0 0
0.29 93 0 0
0.3 93 0 0
0.31 93 0 0
0.32 93 0 0
0.33 93 0 0
0.34 93 0 0
0.35 93 0 0
0.36 93 0 0
0.37 93 0 0
0.38 93 0 0
0.39 93 0 0
0.4 93 0 0
0.41 93 0 0
0.42 93 0 0
0.43 93 0 0
0.44 93 0 0
0.45 93 0 0
0.46 93 0 0
0.47 93 0 0
0.48 93 0 0
0.49 93 0 0
0.5 93 0 0
0.51 93 0 0
0.52 93 0 0
0.53 93 0 0
0.54 93 0 0
0.55 93 0 0
0.56 93 0 0
0.57 93 0 0
0.58 93 0 0
0.59 93 1 2627
0.6 93 0 0
0.61 93 1 3190
0.62 93 1 4384
0.63 93 1 4695
0.64 93 1 4565
0.65 93 1 4899
0.66 93 1 5443
0.67 93 1 5466
0.68 93 1 5608
0.69 93 1 5769
0.7 93 1 5923
0.71 93 1 6063
0.72 93 1 6182
0.73 93 1 6104
0.74 93 1 6290
0.75 93 1 6450
0.76 93 1 6476
0.77 93 1 6604
0.78 93 1 6691
0.79 93 1 6806
0.8 93 1 6873
0.81 93 1 7026
0.82 93 1 7094
0.83 93 1 7216
0.84 93 1 7255
0.85 93 1 7387
0.86 93 1 7431
0.87 93 1 7531
0.88 93 1 7623
0.89 93 1 7717
0.9 93 1 7802
0.1 94 0 0
0.11 94 0 0
0.12 94 0 0
0.13 94 0 0
0.14 94 0 0
0.15 94 0 0
0.16 94 0 0
0.17 94 0 0
0.18 94 0 0
0.19 94 0 0
0.2 94 0 0
0.21 94 0 0
0.22 94 0 0
0.23 94 0 0
0.24 94 0 0
0.25 94 0 0
0.26 94 0 0
0.27 94 0 0
0.28 94 0 0
0.29 94 0 0
0.3 94 0 0
0.31 94 0 0
0.32 94 0 0
0.33 94 0 0
0.34 94 0 0
0.35 94 0 0
0.36 94 0 0
0.37 94 0 0
0.38 94 0 0
0.39 94 0 0
0.4 94 0 0
0.41 94 0 0
0.42 94 0 0
0.43 94 0 0
0.44 94 0 0
0.45 94 0 0
0.46 94 0 0
0.47 94 0 0
0.48 94 0 0
0.49 94 0 0
0.5 94 0 0
0.51 94 0 0
0.52 94 0 0
0.53 94 0 0
0.54 94 0 0
0.55 94 0 0
0.56 94 0 0
0.57 94 0 0
0.58 94 0 0
0.59 94 1 2949
0.6 94 1 1863
0.61 94 1 4049
0.62 94 1 4995
0.63 94 1 3650
0.64 94 1 4776
0.65 94 1 5329
0.66 94 1 5248
0.67 94 1 5538
0.68 94 1 5764
0.69 94 1 5926
0.7 94 1 6036
0.71 94 1 6173
0.72 94 1 6325
0.73 94 1 6336
0.74 94 1 6439
0.75 94 1 6553
0.76 94 1 6775
0.77 94 1 6762
0.78 94 1 6816
0.79 94 1 6928
0.8 94 1 6968
0.81 94 1 7131
0.82 94 1 7198
0.83 94 1 7333
0.84 94 1 7445
0.85 94 1 7471
0.86 94 1 7602
0.87 94 1 7629
0.88 94 1 7761
0.89 94 1 7941
0.9 94 1 7941
0.1 95 0 0
0.11 95 0 0
0.12 95 0 0
0.13 95 0 0
0.14 95 0 0
0.15 95 0 0
0.16 95 0 0
0.17 95 0 0
0.18 95 0 0
0.19 95 0 0
0.2 95 0 0
0.21 95 0 0
0.22 95 0 0
0.23 95 0 0
0.24 95 0 0
0.25 95 0 0
0.26 95 0 0
0.27 95 0 0
0.28 95 0 0
0.29 95 0 0
0.3 95 0 0
0.31 95 0 0
0.32 95 0 0
0.33 95 0 0
0.34 95 0 0
0.35 95 0 0
0.36 95 0 0
0.37 95 0 0
0.38 95 0 0
0.39 95 0 0
0.4 95 0 0
0.41 95 0 0
0.42 95 0 0
0.43 95 0 0
0.44 95 0 0
0.45 95 0 0
0.46 95 0 0
0.47 95 0 0
0.48 95 0 0
0.49 95 0 0
0.5 95 0 0
0.51 95 0 0
0.52 95 0 0
0.53 95 0 0
0.54 95 0 0
0.55 95 0 0
0.56 95 0 0
0.57 95 1 1677
0.58 95 1 2758
0.59 95 0 0
0.6 95 1 2243
0.61 95 1 3752
0.62 95 1 4964
0.63 95 1 4673
0.64 95 1 5125
0.65 95 1 5357
0.66 95 1 5710
0.67 95 1 5759
0.68 95 1 5835
0.69 95 1 5887
0.7 95 1 5888
0.71 95 1 6228
0.72 95 1 6340
0.73 95 1 6473
0.74 95 1 6618
0.75 95 1 6714
0.76 95 1 6750
0.77 95 1 6942
0.78 95 1 6991
0.79 95 1 7124
0.8 95 1 7186
0.81 95 1 7275
0.82 95 1 7409
0.83 95 1 7483
0.84 95 1 7519
0.85 95 1 7617
0.86 95 1 7756
0.87 95 1 7840
0.88 95 1 7896
0.89 95 1 8042
0.9 95 1 8105
0.1 96 0 0
0.11 96 0 0
0.12 96 0 0
0.13 96 0 0
0.14 96 0 0
0.15 96 0 0
0.16 96 0 0
0.17 96 0 0
0.18 96 0 0
0.19 96 0 0
0.2 96 0 0
0.21 96 0 0
0.22 96 0 0
0.23 96 0 0
0.24 96 0 0
0.25 96 0 0
0.26 96 0 0
0.27 96 0 0
0.28 96 0 0
0.29 96 0 0
0.3 96 0 0
0.31 96 0 0
0.32 96 0 0
0.33 96 0 0
0.34 96 0 0
0.35 96 0 0
0.36 96 0 0
0.37 96 0 0
0.38 96 0 0
0.39 96 0 0
0.4 96 0 0
0.41 96 0 0
0.42 96 0 0
0.43 96 0 0
0.44 96 0 0
0.45 96 0 0
0.46 96 0 0
0.47 96 0 0
0.48 96 0 0
0.49 96 0 0
0.5 96 0 0
0.51 96 0 0
0.52 96 0 0
0.53 96 0 0
0.54 96 0 0
0.55 96 0 0
0.56 96 0 0
0.57 96 0 0
0.58 96 0 0
0.59 96 1 3710
0.6 96 1 3804
0.61 96 1 4618
0.62 96 1 4589
0.63 96 1 4844
0.64 96 1 4946
0.65 96 1 5786
0.66 96 1 5803
0.67 96 1 5690
0.68 96 1 6030
0.69 96 1 6116
0.7 96 1 6330
0.71 96 1 6388
0.72 96 1 6497
0.73 96 1 6648
0.74 96 1 6744
0.75 96 1 6786
0.76 96 1 6885
0.77 96 1 7022
0.78 96 1 7127
0.79 96 1 7208
0.8 96 1 7325
0.81 96 1 7444
0.82 96 1 7459
0.83 96 1 7660
0.84 96 1 7715
0.85 96 1 7847
0.86 96 1 7953
0.87 96 1 8035
0.88 96 1 8064
0.89 96 1 8170
0.9 96 1 8300
0.1 97 0 0
0.11 97 0 0
0.12 97 0 0
0.13 97 0 0
0.14 97 0 0
0.15 97 0 0
0.16 97 0 0
0.17 97 0 0
0.18 97 0 0
0.19 97 0 0
0.2 97 0 0
0.21 97 0 0
0.22 97 0 0
0.23 97 0 0
0.24 97 0 0
0.25 97 0 0
0.26 97 0 0
0.27 97 0 0
0.28 97 0 0
0.29 97 0 0
0.3 97 0 0
0.31 97 0 0
0.32 97 0 0
0.33 97 0 0
0.34 97 0 0
0.35 97 0 0
0.36 97 0 0
0.37 97 0 0
0.38 97 0 0
0.39 97 0 0
0.4 97 0 0
0.41 97 0 0
0.42 97 0 0
0.43 97 0 0
0.44 97 0 0
0.45 97 0 0
0.46 97 0 0
0.47 97 0 0
0.48 97 0 0
0.49 97 0 0
0.5 97 0 0
0.51 97 0 0
0.52 97 0 0
0.53 97 0 0
0.54 97 0 0
0.55 97 0 0
0.56 97 0 0
0.57 97 0 0
0.58 97 0 0
0.59 97 1 2847
0.6 97 0 0
0.61 97 1 4371
0.62 97 1 4159
0.63 97 1 4919
0.64 97 1 5382
0.65 97 1 5669
0.66 97 1 5690
0.67 97 1 5930
0.68 97 1 6251
0.69 97 1 6269
0.7 97 1 6365
0.71 97 1 6625
0.72 97 1 6691
0.73 97 1 6879
0.74 97 1 6971
0.75 97 1 7014
0.76 97 1 7083
0.77 97 1 7161
0.78 97 1 7337
0.79 97 1 7431
0.8 97 1 7553
0.81 97 1 7624
0.82 97 1 7699
0.83 97 1 7785
0.84 97 1 7878
0.85 97 1 7980
0.86 97 1 8103
0.87 97 1 8212
0.88 97 1 8307
0.89 97 1 8397
0.9 97 1 8387
0.1 98 0 0
0.11 98 0 0
0.12 98 0 0
0.13 98 0 0
0.14 98 0 0
0.15 98 0 0
0.16 98 0 0
0.17 98 0 0
0.18 98 0 0
0.19 98 0 0
0.2 98 0 0
0.21 98 0 0
0.22 98 0 0
0.23 98 0 0
0.24 98 0 0
0.25 98 0 0
0.26 98 0 0
0.27 98 0 0
0.28 98 0 0
0.29 98 0 0
0.3 98 0 0
0.31 98 0 0
0.32 98 0 0
0.33 98 0 0
0.34 98 0 0
0.35 98 0 0
0.36 98 0 0
0.37 98 0 0
0.38 98 0 0
0.39 98 0 0
0.4 98 0 0
0.41 98 0 0
0.42 98 0 0
0.43 98 0 0
0.44 98 0 0
0.45 98 0 0
0.46 98 0 0
0.47 98 0 0
0.48 98 0 0
0.49 98 0 0
0.5 98 0 0
0.51 98 0 0
0.52 98 0 0
0.53 98 0 0
0.54 98 0 0
0.55 98 1 1082
0.56 98 0 0
0.57 98 0 0
0.58 98 0 0
0.59 98 1 3809
0.6 98 1 2803
0.61 98 1 3971
0.62 98 1 4579
0.63 98 1 5532
0.64 98 1 5683
0.65 98 1 5473
0.66 98 1 6045
0.67 98 1 6168
0.68 98 1 6420
0.69 98 1 6438
0.7 98 1 6456
0.71 98 1 6742
0.72 98 1 6922
0.73 98 1 6931
0.74 98 1 6976
0.75 98 1 7171
0.76 98 1 7238
0.77 98 1 7329
0.78 98 1 7476
0.79 98 1 7548
0.8 98 1 7559
0.81 98 1 7737
0.82 98 1 7858
0.83 98 1 7978
0.84 98 1 8032
0.85 98 1 8169
0.86 98 1 8343
0.87 98 1 8332
0.88 98 1 8442
0.89 98 1 8578
0.9 98 1 8642
0.1 99 0 0
0.11 99 0 0
0.12 99 0 0
0.13 99 0 0
0.14 99 0 0
0.15 99 0 0
0.16 99 0 0
0.17 99 0 0
0.18 99 0 0
0.19 99 0 0
0.2 99 0 0
0.21 99 0 0
0.22 99 0 0
0.23 99 0 0
0.24 99 0 0
0.25 99 0 0
0.26 99 0 0
0.27 99 0 0
0.28 99 0 0
0.29 99 0 0
0.3 99 0 0
0.31 99 0 0
0.32 99 0 0
0.33 99 0 0
0.34 99 0 0
0.35 99 0 0
0.36 99 0 0
0.37 99 0 0
0.38 99 0 0
0.39 99 0 0
0.4 99 0 0
0.41 99 0 0
0.42 99 0 0
0.43 99 0 0
0.44 99 0 0
0.45 99 0 0
0.46 99 0 0
0.47 99 0 0
0.48 99 0 0
0.49 99 0 0
0.5 99 0 0
0.51 99 0 0
0.52 99 0 0
0.53 99 0 0
0.54 99 0 0
0.55 99 0 0
0.56 99 0 0
0.57 99 0 0
0.58 99 1 2607
0.59 99 1 4431
0.6 99 1 3403
0.61 99 1 4576
0.62 99 1 4263
0.63 99 1 5555
0.64 99 1 5582
0.65 99 1 6053
0.66 99 1 6059
0.67 99 1 6221
0.68 99 1 6459
0.69 99 1 6620
0.7 99 1 6659
0.71 99 1 6811
0.72 99 1 6967
0.73 99 1 7003
0.74 99 1 7196
0.75 99 1 7303
0.76 99 1 7394
0.77 99 1 7547
0.78 99 1 7639
0.79 99 1 7758
0.8 99 1 7830
0.81 99 1 7881
0.82 99 1 8015
0.83 99 1 8103
0.84 99 1 8227
0.85 99 1 8281
0.86 99 1 8467
0.87 99 1 8475
0.88 99 1 8656
0.89 99 1 8724
0.9 99 1 8796
0.1 100 0 0
0.11 100 0 0
0.12 100 0 0
0.13 100 0 0
0.14 100 0 0
0.15 100 0 0
0.16 100 0 0
0.17 100 0 0
0.18 100 0 0
0.19 100 0 0
0.2 100 0 0
0.21 100 0 0
0.22 100 0 0
0.23 100 0 0
0.24 100 0 0
0.25 100 0 0
0.26 100 0 0
0.27 100 0 0
0.28 100 0 0
0.29 100 0 0
0.3 100 0 0
0.31 100 0 0
0.32 100 0 0
0.33 100 0 0
0.34 100 0 0
0.35 100 0 0
0.36 100 0 0
0.37 100 0 0
0.38 100 0 0
0.39 100 0 0
0.4 100 0 0
0.41 100 0 0
0.42 100 0 0
0.43 100 0 0
0.44 100 0 0
0.45 100 0 0
0.46 100 0 0
0.47 100 0 0
0.48 100 0 0
0.49 100 0 0
0.5 100 0 0
0.51 100 0 0
0.52 100 0 0
0.53 100 0 0
0.54 100 0 0
0.55 100 0 0
0.56 100 0 0
0.57 100 0 0
0.58 100 1 2781
0.59 100 1 3415
0.6 100 1 2936
0.61 100 1 4375
0.62 100 1 5465
0.63 100 1 5533
0.64 100 1 4936
0.65 100 1 5991
0.66 100 1 6336
0.67 100 1 6255
0.68 100 1 6491
0.69 100 1 6641
0.7 100 1 6886
0.71 100 1 6978
0.72 100 1 7134
0.73 100 1 7285
0.74 100 1 7307
0.75 100 1 7480
0.76 100 1 7559
0.77 100 1 7710
0.78 100 1 7699
0.79 100 1 7919
0.8 100 1 7941
0.81 100 1 8144
0.82 100 1 8241
0.83 100 1 8355
0.84 100 1 8418
0.85 100 1 8491
0.86 100 1 8620
0.87 100 1 8716
0.88 100 1 8829
0.89 100 1 8833
0.9 100 1 8996
